0.1
8.74294
8.54662
9.49249
6.52123
6.42989
8.67712
6.52016
6.38321
6.87149
6.82709
8.44575
8.59295
7.85549
5.15408
5.95941
3.77545
7.8435
7.34522
5.61313
9.37833
7.55445
7.29716
7.83405
4.82053
7.77423
9.80581
7.50652
7.95992
7.34081
6.47426
6.93666
6.45259
7.66647
2.50673
4.9136
9.86909
5.11363
8.66067
5.20059
4.39599
5.87373
4.47914
7.4222
8.74841
7.4363
5.9737
5.79571
7.49246
4.4769
6.73435
7.22295
9.2477
3.84138
3.41198
5.59845
10.039
8.63716
4.97679
7.74808
8.18373
6.25805
5.62888
7.43352
5.74654
9.75477
8.39211
7.78651
6.80306
7.8009
6.99585
3.91393
6.01611
8.57391
8.14143
7.41446
6.91311
3.0145
4.13986
7.60156
3.7894
5.20914
5.68083
7.92113
7.73052
7.67189
2.22531
7.46193
5.67245
3.07619
5.0191
8.18992
4.37164
8.77716
6.55308
7.0083
4.47738
8.43312
8.71807
3.83601
8.43208
0.1
5.50114
8.75953
6.00817
7.05725
7.69275
6.2117
2.98438
5.0199
7.18312
8.09852
5.98104
6.0048
6.02836
6.15609
7.77421
5.87694
6.17857
4.39451
6.97256
7.46632
6.26498
4.31668
6.10812
7.16738
5.91994
6.5779
4.80348
5.81173
6.72663
8.26029
7.14324
7.83538
7.12801
5.1974
6.70499
6.09772
5.5289
5.21226
7.20402
8.84401
6.04842
5.51553
8.72815
4.24018
7.28092
2.90354
3.68547
8.37228
4.36988
6.59659
7.81837
8.95533
5.67538
6.88854
7.27332
8.72834
9.34445
4.51305
4.99099
6.27718
7.77177
5.24582
8.56839
6.77687
7.70617
5.48879
6.3377
6.40538
4.82381
3.81058
5.05376
6.2402
4.63477
6.12253
6.0584
7.80545
6.48972
7.17098
8.03643
5.75684
8.55776
5.87291
5.66268
7.21524
7.00716
6.91374
5.22761
4.82225
6.40682
5.5882
6.31545
4.63904
3.43699
6.61279
8.10994
6.23012
7.30617
7.54759
8.18372
5.4616
0.1
9.84116
6.98941
6.00082
7.62193
5.82766
4.23135
6.46253
8.04719
6.73743
5.14603
5.35908
6.60869
6.9562
7.32791
6.66327
6.56469
5.47056
7.46281
6.15492
7.43754
6.24386
5.75685
8.32348
7.22011
7.81691
4.8808
7.05365
7.34782
8.55485
7.41423
8.73369
6.75884
4.95391
2.32628
5.00193
7.26538
4.40607
6.71084
8.76692
6.35021
7.02028
7.21173
2.44211
7.82662
3.83791
5.70877
7.99324
2.34453
7.74786
8.21602
8.65024
5.89505
6.11622
8.99925
9.59683
8.83075
3.44599
4.5712
5.86324
6.83818
6.61691
8.50104
5.99344
8.93984
4.07587
5.73169
7.44846
5.33511
3.6883
5.78188
5.44273
4.6551
4.24807
5.35987
7.41634
6.3775
5.71132
7.73524
4.95345
8.80638
6.27588
3.83022
6.72821
6.70431
5.17346
5.65022
4.82853
6.08461
5.85843
6.04688
6.5145
5.19195
7.19985
7.49235
5.16892
7.90713
7.19123
8.37724
8.01567
9.06994
0.1
4.82918
7.65804
7.47892
6.56844
5.85462
5.93427
4.85881
9.20829
9.04138
7.2121
6.04604
4.43282
7.60629
4.9528
5.20598
5.21134
6.89103
8.47948
5.67978
7.45415
6.34542
5.39394
8.46175
4.9558
8.16899
7.00306
7.74114
9.20909
4.56851
4.15391
7.20222
6.14413
10.7309
7.2787
5.79036
6.5392
8.12813
9.70519
6.17421
5.58688
10.0507
7.72161
7.71374
5.61775
5.88779
7.93581
7.20441
6.47528
6.3626
9.2914
5.17532
8.51591
6.70057
3.96321
9.06686
8.06158
8.14523
8.25203
8.22687
7.50888
7.03929
8.94226
4.86212
7.70872
8.83575
5.41674
5.7502
5.10664
3.00917
7.96238
7.31695
8.70124
6.64107
8.09819
7.22138
8.53153
7.67956
7.37241
6.81082
5.85637
8.08609
7.15101
6.99643
8.80208
5.51023
4.70679
7.72192
8.82152
6.67762
7.47282
5.50859
3.15084
8.24461
9.2334
5.33444
8.12807
8.52354
8.14103
9.54191
7.14604
0.1
8.65465
9.52269
7.87292
5.72273
5.2232
5.19403
10.2476
9.05683
8.47137
4.91421
4.42481
8.17091
6.74892
7.22435
4.18488
8.79273
9.44073
2.93495
6.89415
7.14138
2.13793
8.34295
3.50307
7.97146
5.36226
6.44589
8.01139
6.58672
5.27001
7.4401
6.61964
11.2496
7.64907
6.52764
7.05303
8.01241
9.00295
6.0486
5.30921
10.9213
7.99365
6.56868
5.85413
6.13787
8.42085
7.43458
4.0507
8.63517
9.12903
4.98676
8.46827
6.43712
7.20503
9.58613
8.18461
8.27358
7.83678
8.97425
6.89168
8.1321
10.2058
4.17855
8.47109
8.6879
6.95453
6.96537
5.03617
4.99597
9.03844
8.02836
8.90613
7.88179
8.15803
6.81772
9.32529
7.97326
7.51116
7.56056
7.46509
8.61797
8.82784
7.28324
9.29937
6.24607
5.02958
7.37672
8.29169
7.19003
7.17115
5.56006
6.12538
8.67849
9.20126
7.86159
8.28458
7.37002
8.38807
7.18245
9.94835
7.58983
0.1
6.99991
5.08341
6.16251
7.74956
8.22994
4.98307
7.79849
5.6395
7.13774
7.22028
5.80646
7.14837
6.4604
6.54324
7.93639
3.9878
8.32534
8.39307
4.92433
8.96522
9.3832
8.54554
7.6261
8.48092
8.41098
9.37526
6.58369
8.79992
5.82069
5.1999
8.3018
4.38045
8.60282
4.6447
6.61787
9.1041
6.58218
8.15957
5.65138
6.55064
8.51175
5.63683
7.38521
6.47739
5.83393
8.7188
8.00468
8.14326
5.75318
6.65724
10.3277
9.40998
7.09004
6.99691
7.31912
7.17054
4.29236
8.41708
6.99855
7.40283
9.49296
5.84891
7.48152
8.03377
6.1713
4.54508
6.01527
6.39206
6.82381
6.4237
4.3865
6.70563
6.62233
4.71719
6.54839
5.61223
7.99032
6.68324
6.00204
5.21334
5.81283
5.51274
6.05014
4.5304
6.69815
8.40415
5.56883
8.66061
6.71898
6.97427
5.92557
7.75201
7.86294
6.80167
7.57501
6.9636
6.9494
7.39778
6.36015
5.33351
0.1
3.17025
5.39824
6.27407
6.53297
6.89179
7.78854
4.5475
6.41538
5.75394
6.45722
4.97456
3.30336
5.53331
5.51024
6.22531
7.04716
7.08734
4.54452
7.42873
8.21861
6.85447
7.23127
7.45326
7.80173
9.11017
5.1554
7.0105
6.31651
4.60012
8.23028
5.68228
6.41094
4.67685
7.14407
9.17531
5.82942
6.31971
7.84148
6.14694
7.83633
4.55656
5.69214
7.13438
5.76168
7.49665
5.85772
8.52151
5.2643
7.18951
8.31606
7.01631
8.01833
6.67706
6.9742
7.3513
6.37408
7.14428
6.66859
6.32191
7.58529
5.68707
7.45094
5.37083
3.6813
4.32319
4.03558
5.80639
5.78358
7.02971
4.01877
7.21597
6.67907
6.44626
7.03156
5.93478
7.04524
4.58279
6.27195
3.75332
6.11484
6.89349
4.38728
4.08074
6.90122
8.02626
5.29266
7.363
5.22289
4.91663
7.05303
7.91778
5.34859
6.9647
6.97886
6.89324
6.51344
7.96557
6.44806
4.74795
3.88056
0.1
5.38666
6.22304
6.60769
6.59864
7.54859
4.76886
6.1986
5.79266
5.87748
5.66649
4.43122
5.44519
6.3723
5.85046
7.12992
6.92408
3.66776
7.57183
8.36071
7.00979
7.0303
7.35129
7.49861
8.71706
5.47662
7.24644
5.78086
3.86376
7.64597
5.03957
6.8064
3.85372
6.55168
8.62289
5.42638
6.40879
7.43069
5.84614
7.49252
4.35633
5.86698
6.69733
5.45669
7.44583
6.70579
7.91475
5.01142
6.51945
8.68254
7.43078
7.47873
6.408
6.8432
6.87993
5.68783
6.87741
6.47348
6.50411
7.8244
5.56442
6.80687
5.68504
4.07331
3.92421
4.49535
5.94224
5.90082
6.54531
4.10168
6.63826
6.21713
6.08198
6.59626
5.26035
6.83028
5.32495
6.02131
4.12719
5.56815
6.41526
4.07716
3.68194
6.38596
7.73721
4.54906
7.46618
5.24376
5.4741
6.48462
7.59656
6.24297
6.24775
9.37241
4.52969
6.4798
9.73866
6.42706
7.89183
9.07557
7.38538
0.1
5.94714
8.1039
8.75326
5.66796
6.87992
6.62127
6.96581
8.65076
6.56264
7.2084
4.95158
7.8018
8.15261
6.56892
5.40742
7.14786
7.70297
4.68447
7.25924
4.24705
6.03835
7.22109
8.72839
7.9283
8.64797
7.8979
6.28138
7.83292
6.80224
6.36414
6.22339
7.92296
9.57509
6.97739
6.52276
9.33891
5.00685
8.002
4.38266
4.71265
9.1498
4.8349
7.09122
8.55153
9.81581
6.32648
7.67918
7.53531
9.81267
10.2161
4.80245
4.56055
6.70713
8.62687
6.41507
9.469
7.64328
8.44997
6.07024
7.28195
7.73352
6.08686
4.50118
5.83231
6.83722
5.13118
6.59397
6.85119
8.60271
7.12447
7.74677
8.78238
6.6301
9.56327
6.60431
6.05667
8.22911
7.82665
7.43391
6.43105
5.56472
7.02582
5.33885
7.35318
3.65687
4.68808
7.41085
8.89158
6.11986
8.13966
8.55476
7.59229
5.74868
7.45651
7.42738
4.41822
7.46975
7.9396
6.42341
4.47945
0.1
5.29884
8.96558
7.53256
7.08331
4.48786
4.38653
7.30039
6.03638
6.1771
2.32761
7.67504
8.20699
4.68349
4.04704
5.8462
5.32783
7.21996
4.52515
6.38888
4.41933
5.46333
7.25622
6.47179
6.20498
6.6151
5.03581
8.81158
6.41207
5.23226
5.5201
6.85965
7.94631
4.80522
2.97024
9.58324
6.16749
5.69508
3.94009
4.30839
7.83544
5.88455
4.46903
8.01691
8.16234
4.61983
6.92081
6.51369
7.25324
8.82554
6.42057
6.78608
6.41863
7.84045
3.79922
7.78372
8.47637
5.76165
6.99433
6.64669
5.32572
5.36244
3.72693
4.43297
7.641
6.51413
7.2819
6.74142
7.23148
5.84552
8.05606
7.41926
5.93641
7.25774
6.48227
7.13917
7.62361
6.42121
7.88351
4.55051
4.18422
6.11563
6.59729
5.83719
5.79503
3.26024
5.93942
7.80643
7.62721
7.25139
6.92539
7.09869
7.74421
8.73896
5.72126
4.1359
7.46517
7.78033
6.41895
5.74082
4.98745
0.1
9.20983
8.76481
7.4983
4.62771
1.65486
6.77317
6.09287
5.91481
4.33384
7.89345
8.40797
5.11167
6.70913
5.68241
4.71494
8.61836
4.15792
7.82802
6.1185
6.45613
7.87579
5.10252
3.70893
6.2795
5.41006
10.2769
6.73442
6.29235
5.98698
7.11175
8.26374
4.7329
4.8366
9.89598
7.42885
6.11364
5.24321
5.90493
7.1624
6.92861
5.2424
7.68709
7.96519
3.91309
7.57373
7.30248
4.80838
8.19895
7.75451
8.01132
7.39837
7.70018
6.42316
6.45921
9.25894
4.43729
7.75723
7.87143
5.23633
5.90296
4.44322
3.94302
8.25486
7.50945
8.25074
6.86207
7.02412
6.1204
8.42433
6.79585
6.59211
5.44192
6.67899
7.98478
7.45007
6.02314
8.49423
4.76965
3.83604
6.73029
8.21755
5.74067
7.45824
5.16618
4.81966
7.4777
8.84669
6.82359
6.91674
8.98117
8.9293
7.48133
11.097
8.33453
4.62371
8.394
6.555
6.33966
8.62763
9.41819
0.1
7.61464
5.78261
8.07332
8.24908
7.46209
7.63553
7.35599
7.23923
8.30675
2.61982
9.04197
9.17742
6.54776
9.85881
9.46466
9.46651
7.74656
9.19807
9.33317
10.3737
7.62545
9.90692
7.19588
6.46381
8.71269
5.43946
9.28952
5.87514
7.77623
10.3666
7.80505
9.09533
3.96028
6.7989
9.65194
6.26979
7.9464
7.89337
5.9357
9.6117
8.45955
9.62133
6.76483
7.74408
10.9809
10.7459
8.69255
7.12965
7.16648
7.84137
6.22009
9.40391
8.51061
7.23139
10.5239
5.48591
8.48163
9.21838
6.96547
5.26914
6.76106
5.93479
6.784
6.54874
4.73523
8.0907
7.64577
3.08142
7.89183
6.68528
9.55729
7.01593
5.53689
6.30295
7.24908
5.14015
7.22825
5.61437
7.63262
8.76497
7.11561
8.97656
7.38981
7.85981
7.38437
7.66587
8.53836
8.38813
9.65436
6.96501
6.03474
11.5122
7.78308
7.64221
10.024
7.92188
4.34054
7.65812
9.46969
8.04459
0.1
7.22703
7.48949
8.18884
8.77233
7.94134
8.28434
6.26753
9.08025
7.54201
8.14816
7.42318
7.52593
9.32068
7.0755
8.94874
3.85999
7.6112
8.06275
9.17423
8.76459
10.0897
7.98235
6.73156
7.1147
6.30046
8.58379
6.32965
7.77792
9.77545
7.71678
8.37367
8.28602
4.86806
8.87024
5.44968
6.89435
9.24415
3.98716
8.60887
9.67803
9.93828
6.88726
7.35528
9.94692
11.3652
10.2303
4.16485
3.4535
6.30143
8.35626
8.01242
10.0015
8.01873
10.2177
5.71442
7.23653
9.33296
7.22372
4.74426
7.00731
6.91394
5.93448
5.02787
7.00247
8.64612
7.2838
6.86172
8.91274
6.48841
10.4123
7.6821
4.89666
8.66019
8.01552
6.10265
7.39373
5.99233
6.94158
5.35456
7.74503
6.84081
6.45115
8.56118
8.75302
3.00873
9.44093
8.78954
8.62425
6.83374
6.14218
8.97115
7.11484
5.40134
5.71385
4.8904
5.14682
7.03759
7.91644
5.96964
7.06269
0.1
7.18826
6.92403
7.40007
5.46584
5.10778
6.08546
5.39816
5.54665
7.71061
7.48857
5.72859
8.36963
7.79894
7.85284
6.78503
7.93776
8.41471
9.72298
6.52031
8.35746
7.10194
5.45876
7.38379
5.79492
7.01495
5.12141
7.67488
9.91614
6.85056
7.26738
7.09356
5.54359
8.69657
4.78159
5.97298
7.9984
5.14424
8.28413
6.32799
9.39822
6.13532
7.53451
8.87035
8.83247
8.91572
6.06356
6.18475
7.49534
6.85331
7.80392
8.00096
3.68979
8.76922
4.08424
7.72379
7.01514
4.53948
4.66171
5.153
3.61405
4.59935
6.49931
3.06585
7.98814
7.26789
5.58773
7.88229
6.26289
8.58873
4.49577
5.10222
4.5871
7.00167
6.21106
5.70469
4.98245
7.30894
7.85046
6.36462
7.23417
5.69033
6.25719
7.72428
7.29442
6.31055
7.8981
6.51862
7.90785
8.7333
8.66705
4.75797
7.8792
9.29894
7.32665
5.7079
5.13681
5.62803
9.6093
8.43693
8.28591
0.1
4.73019
6.80033
7.49256
7.45194
3.82659
9.29989
8.75777
5.32263
6.36793
6.13169
5.85569
8.8215
5.70108
7.43008
5.09308
4.03908
5.50741
6.82569
6.61499
5.90451
5.54535
10.1886
6.49126
7.55671
6.0418
6.10391
6.23773
4.20672
5.85466
10.0734
7.36137
2.88632
5.39792
6.53794
7.14494
6.79551
4.47284
9.29378
6.80813
3.47364
6.67247
8.44938
8.0938
8.08673
7.55593
7.91304
6.23099
7.80195
5.8195
7.41188
10.0348
6.69859
8.10226
6.95858
7.18355
6.9181
3.93163
5.60037
8.88683
7.98779
7.88197
7.60883
6.29543
4.7254
8.62922
6.57135
6.07393
6.61154
7.86756
8.07594
8.55401
5.74959
8.38164
5.61344
3.99246
5.4806
7.39535
5.84078
7.61453
5.58704
6.82581
7.25878
8.38238
8.60008
6.28736
7.06694
7.56944
8.6166
5.95112
4.01716
7.47073
7.81494
6.4175
5.62893
4.70713
1.88204
9.20244
8.64654
7.4807
4.43499
0.1
6.79087
6.116
5.96583
4.10429
7.91058
8.40017
4.9565
6.47
5.66304
4.61342
8.49662
3.96668
7.68892
5.8903
6.24275
7.70335
5.30885
4.0472
6.26181
5.32451
10.1328
6.6811
6.18475
5.91494
7.02226
8.12126
4.5843
4.57041
9.87451
7.31007
5.89983
5.11484
5.76498
7.20305
6.82841
4.98433
7.77091
7.89568
3.87234
7.45619
7.203
5.17921
8.22915
7.62851
7.90168
7.25654
7.70003
6.15103
6.60588
9.21019
4.42078
7.69864
7.70359
5.1734
5.85354
4.33364
3.99467
8.22021
7.43392
8.14678
6.87156
6.9789
6.0091
8.39748
6.81862
6.48621
5.60148
6.69168
7.9119
7.4942
6.00683
8.43246
4.67473
3.80501
6.60446
8.04509
5.68779
7.31002
4.99693
4.98986
7.47864
8.72337
6.91282
6.83399
4.19479
8.96307
8.50903
9.58349
6.95058
5.63225
8.22301
6.1046
6.55122
7.34611
7.24216
7.80266
8.68245
7.49481
5.97616
6.36629
0.1
7.74619
7.11061
6.08985
9.132
6.91001
7.76577
8.29815
4.49433
8.23849
9.98619
7.93526
8.17321
7.94671
7.36511
7.98668
6.19414
7.95322
2.91114
4.99156
9.82654
4.82865
8.83702
5.08432
5.13379
7.20338
5.27
7.81781
8.11952
7.48609
7.06209
5.95093
7.68342
3.64965
6.75199
7.88358
8.93651
5.46704
4.23377
6.02188
10.3283
8.72898
3.91207
7.84628
8.24437
6.77133
4.52203
8.01581
5.17482
9.43873
8.79267
7.55662
7.26504
7.92939
6.90298
4.24914
6.03228
8.26478
8.05466
7.40148
6.43266
4.13364
5.18049
7.09823
3.65742
5.41956
5.94061
7.70996
7.55575
7.06082
2.88136
7.16019
5.80919
3.37245
5.73874
8.58146
4.44187
9.03075
6.8052
6.91046
3.49767
8.54874
8.49846
4.74785
9.14455
7.1016
8.11147
6.5372
6.01993
7.26935
6.63794
6.16996
5.21284
6.36795
6.82971
8.37118
8.24109
5.80317
6.90258
6.01116
8.12169
0.1
4.30352
5.62794
4.01104
7.79246
6.58199
7.32129
6.53614
6.96018
7.38324
6.43352
7.50802
7.41269
8.33731
9.85924
5.7497
6.8494
7.7126
6.20452
9.70241
7.13713
5.02891
6.34779
8.45722
10.3747
6.9035
6.17944
9.34375
6.90456
8.57869
5.1864
5.14301
8.56353
6.49929
7.45057
4.52888
9.99841
6.03998
8.59155
6.67411
7.11121
9.67742
7.26486
7.20252
8.26321
8.24475
7.69428
8.05838
7.11176
7.03006
6.52067
8.75279
5.89412
4.74098
5.15353
3.59431
6.42109
5.82983
8.1255
5.6687
8.64347
7.68805
7.79522
8.35561
7.33164
8.29685
3.46382
7.11216
6.32505
7.55381
8.17896
5.76351
5.19997
7.96483
8.43913
7.03328
6.67016
5.22718
4.61272
8.62236
8.55213
3.64946
8.62456
8.03884
7.01012
7.50246
6.45242
6.05001
6.16828
4.13441
4.53024
5.37543
6.11844
6.22497
7.57105
8.07083
5.09217
6.4456
5.50579
6.99916
4.04192
0.1
5.44825
4.81316
6.93433
6.73191
7.09103
5.26344
7.01561
8.0186
6.42116
7.41262
7.35113
7.90402
9.30685
4.88154
6.51609
6.76735
5.16862
8.92212
6.294
5.76562
5.36276
7.60961
9.53868
6.0586
5.99036
8.52962
6.51479
7.96368
4.74168
5.40261
7.56292
6.12923
7.30658
5.06142
8.97944
5.38897
7.73099
7.66049
6.33807
8.5454
6.98687
7.16928
7.70881
7.11178
7.21992
6.92409
6.72509
7.03368
6.12837
7.95347
4.88204
3.73388
4.61491
3.26376
6.14714
5.89278
7.5479
4.73864
7.68037
6.99445
7.08049
7.41833
6.48542
7.17101
4.00444
6.71926
4.79959
6.56535
7.50139
4.6519
4.37896
7.27897
8.22845
5.87314
7.15471
5.08766
4.11584
7.60022
8.26155
4.1685
7.51251
7.6611
6.21428
7.79699
8.05718
4.37037
7.79257
8.65061
6.94262
4.60568
2.86845
5.68513
9.29619
7.61644
7.567
4.12706
4.72144
7.47674
6.58979
6.7943
0.1
8.29953
8.51735
4.49851
4.25149
6.20013
5.38572
7.39216
4.83051
6.42336
3.56868
4.8373
6.77106
6.85771
6.56256
6.69633
5.37686
9.18198
6.56236
5.96736
5.8186
6.8191
7.67449
4.92278
4.11576
9.85778
6.43246
5.26253
4.37734
4.93903
7.95716
6.07755
3.86918
8.57369
8.10668
4.63123
6.93138
6.88882
7.85181
8.95782
6.60518
6.94804
6.25408
8.07435
3.93732
8.05199
9.01766
6.10581
7.3482
6.67805
6.22012
6.007
3.78712
4.97619
8.07154
6.92478
7.41484
7.15644
7.25251
5.69641
8.32781
7.49368
6.06031
7.51554
7.01803
7.40145
8.13966
6.53218
8.08019
5.13645
4.37529
5.98318
6.44934
6.11608
5.98428
4.0064
6.43808
7.92538
7.67797
7.85084
7.0361
9.20432
7.09516
7.649
7.66237
6.60222
6.79514
6.19288
5.84344
5.21784
6.81755
7.45033
7.66691
7.93249
4.82773
7.21211
6.54619
8.0602
3.38121
4.31824
5.96721
0.1
7.17388
7.17923
7.57466
6.43828
7.69292
7.46191
7.18301
7.36135
7.79862
8.59966
10.0659
6.04884
7.61032
7.69509
6.14372
9.17776
6.87901
5.91334
6.13771
8.4161
10.4925
7.10415
6.79438
8.71563
6.5832
8.87528
5.16871
5.50694
8.53619
6.17726
7.97611
4.34136
10.0497
6.24643
8.47464
7.64854
7.93681
9.61018
6.97887
6.89156
8.21194
7.95397
7.96856
8.16564
6.00389
7.91507
5.83065
8.65879
6.47332
4.58358
5.14438
4.30848
5.45576
5.24865
7.76882
4.90516
8.63918
7.75652
7.19589
8.37132
7.1913
8.6011
1.13335
6.56024
5.65086
7.55881
7.6973
5.91057
5.27614
7.95976
8.40119
7.01111
6.89849
5.52098
5.28259
8.50162
8.25772
4.34566
8.62481
8.5052
8.71579
7.2354
10.8193
8.13019
3.91711
8.02674
6.15274
6.25191
8.36196
9.10369
2.77207
7.5584
5.68795
7.79088
7.97281
6.99664
7.52545
7.13308
7.02303
8.2291
0.1
8.839
8.90804
6.10651
9.6181
9.41845
9.21643
7.62689
8.96521
9.02689
10.0301
7.38374
9.62644
6.78302
6.07905
8.39038
4.98328
9.09948
5.46099
7.36752
9.93821
7.44627
8.82635
4.02864
6.61478
9.29591
6.04505
7.7704
7.4857
5.78469
9.34763
8.38528
9.15029
6.47786
7.31897
10.8084
10.4162
8.21875
6.98186
7.12962
7.54407
5.63723
9.07963
8.12908
7.21554
10.254
5.47872
8.0814
8.89887
6.73011
5.01287
6.57391
6.02156
6.7488
6.31704
4.57691
7.65415
7.3017
3.09226
7.4985
6.28082
9.14799
6.94287
5.52291
6.01318
6.83091
4.92348
6.89368
5.31226
7.28453
8.56976
6.67345
8.85898
7.17774
7.65289
6.92833
7.5595
8.39418
7.90089
8.90203
7.92265
9.47602
7.84724
2.74083
8.85964
9.8483
8.12503
5.45926
5.16847
5.99411
10.375
8.84846
8.56809
5.13144
5.09692
8.52026
6.88712
7.50289
4.02128
8.92354
9.57841
0.1
6.639
7.42166
3.71766
7.91907
4.21219
7.7053
4.81696
6.36548
8.00515
7.08592
6.19021
7.7302
6.80303
11.1857
7.76533
6.46998
7.18555
8.17016
9.16613
6.35438
5.41224
11.0345
7.88705
6.74296
5.823
5.97792
8.791
7.34309
3.90436
8.88264
9.43368
5.35022
8.55179
6.08531
7.99659
9.97137
8.02331
8.06476
7.76693
9.22684
6.78633
8.66182
10.2289
5.20611
8.45419
8.68111
7.31465
7.09578
5.07197
5.29799
9.05565
7.93636
8.85071
8.03387
8.43603
6.95673
9.40828
8.32872
7.59774
8.21171
7.57829
8.56711
9.08998
7.59616
9.32595
6.50269
5.2963
7.43223
7.98727
7.47287
6.728
5.46945
6.57539
8.96918
9.01658
8.1515
8.56678
7.89122
4.50746
6.56792
8.5075
5.31533
7.37487
8.17731
6.51615
3.71625
3.6919
6.49961
8.69326
6.65666
6.87145
5.0718
5.49646
7.51754
6.32703
6.52696
3.14361
7.77417
7.96975
5.48427
0.1
6.01122
6.41779
6.62595
5.82071
5.36741
4.53224
5.54849
7.26772
7.05365
7.30264
6.78033
5.03589
7.78628
6.15992
5.69382
5.30713
6.76238
7.9854
5.30455
4.65318
9.24643
5.27569
6.13912
3.32064
4.14084
8.09133
5.12932
5.44162
8.31801
8.33286
5.10795
6.56413
7.09261
8.36352
9.05214
5.44923
5.94442
5.8524
7.81354
3.27843
8.30382
8.04502
7.03183
6.48832
5.95131
6.21193
5.40858
3.44099
5.0359
7.27204
5.97129
6.56494
6.64921
7.35844
5.85878
7.71802
7.68113
5.5865
8.02526
6.56096
6.53037
7.70942
6.63811
7.39162
4.97146
4.48664
5.86486
5.48217
6.02047
5.13878
3.13707
6.59032
7.89842
6.74542
7.68045
7.04759
5.5751
7.3269
6.9548
8.31816
6.32271
4.97043
6.0179
3.96268
5.635
6.12175
6.32222
7.12482
7.75217
6.03746
5.60797
5.52503
4.67633
6.48791
5.56401
5.25655
7.58994
6.276
7.0403
6.90407
0.1
7.46436
8.80681
6.95975
7.17565
7.13234
6.89473
7.93947
5.6243
7.15582
4.64004
2.99813
8.05226
4.51611
7.35282
3.42157
5.53792
7.53591
4.4697
6.4602
7.68824
6.18239
6.68739
4.58691
6.30534
5.78285
5.70056
7.14267
7.70845
6.63206
4.25666
5.65476
9.05965
7.54675
6.42488
6.66946
7.19687
6.34947
5.01336
6.6106
5.83062
7.76409
7.80404
6.32224
6.1926
6.10369
5.15784
3.45766
4.92555
6.9527
6.69768
6.53857
5.24432
5.45081
5.32314
6.4498
5.62599
4.53102
5.95236
6.37951
6.50425
5.60927
4.31564
6.51893
3.93913
2.63297
5.59067
7.64991
2.71037
7.81711
5.47521
5.90742
5.50996
7.68358
7.17988
4.72154
8.53225
8.15568
9.5407
6.70426
1.80109
8.58263
9.33952
7.76299
5.75926
5.29187
4.97538
10.1757
9.10546
8.36694
5.08045
4.27034
8.13168
6.55285
7.03501
4.33264
8.60257
9.37573
3.34768
6.99161
7.07954
0.1
8.36488
3.22956
8.04146
5.63422
6.67133
8.22293
6.3685
4.87035
7.43907
6.595
11.2543
7.64923
6.38086
7.03199
8.07172
9.14255
6.07372
5.26096
10.8727
8.00641
6.75265
5.85071
6.09593
8.38342
7.45059
4.45859
8.40338
9.18678
5.00115
8.52811
6.29816
6.83193
9.55287
8.21678
8.29935
7.9449
8.92918
6.99847
8.00391
10.105
3.56042
8.42411
8.76477
6.76549
6.85178
5.07607
4.78953
8.95336
7.97585
8.93683
7.77848
8.1848
6.90686
9.28004
7.95665
7.5411
7.44087
7.30555
8.60112
8.6812
7.27375
9.29293
6.17264
5.00234
7.46842
8.41387
7.15888
7.21219
5.55068
5.8573
8.66121
9.26025
7.61089
8.30354
10.4907
6.56475
8.06571
10.2578
6.82786
8.75538
10.0722
8.35503
3.41916
6.98983
8.86622
9.52155
6.73778
7.5993
7.4566
7.66251
9.60706
6.77533
7.83746
5.79319
8.13299
8.94877
6.94464
7.03608
8.141
8.15328
0.1
7.83371
5.76895
6.90815
8.29905
9.8355
8.42876
9.21105
8.82473
7.36762
9.68966
7.78844
6.87302
7.31879
9.034
10.8409
8.00405
7.43773
10.2002
6.50887
9.10425
5.61474
5.62103
10.0119
6.06955
7.8322
8.76138
11.0031
7.0481
8.9727
7.45596
10.5206
11.2154
6.35197
5.61026
7.93905
9.60419
7.93384
10.2553
8.46721
8.98203
6.90719
8.86447
8.68958
6.97503
5.44224
6.29004
7.43311
5.87112
7.84031
7.50206
9.64704
8.13647
8.54261
9.64601
7.8489
10.4749
6.92041
6.98179
8.99058
8.76845
8.41737
7.45008
6.31232
8.16264
6.89757
8.42584
4.07148
5.77745
7.83778
9.84188
7.31133
8.46051
9.77817
8.14383
7.39859
8.85689
6.0883
2.91255
8.0872
8.51777
7.10441
5.36619
4.44347
4.33734
9.65865
8.64192
7.76039
4.89007
3.63058
7.74267
5.98802
6.36525
3.84278
7.93997
8.88118
3.74915
6.26817
6.52563
3.19296
7.94488
0.1
7.58361
5.37949
6.42693
8.05241
6.03448
4.63895
7.10553
6.01431
10.4621
7.22192
5.53094
6.48674
7.70177
8.83297
5.57292
4.13007
10.3636
7.4264
6.46772
5.24713
5.36858
8.09897
6.95998
4.38878
7.88208
8.84016
4.77269
8.05273
5.89984
6.19149
9.2103
7.67383
7.82421
7.56266
8.47192
6.23909
7.68944
9.39139
3.10972
7.87267
8.17403
5.74322
6.124
4.68763
4.16314
8.37458
7.39365
8.43014
7.25856
7.83995
6.60821
8.79918
7.69749
7.03989
7.07786
6.73318
8.08789
8.07114
6.91191
8.80848
5.44533
4.61993
7.10453
7.96655
6.61521
6.71964
4.81174
5.37587
8.3085
8.79301
7.03028
7.80479
9.25415
5.78634
5.92219
10.7626
7.08943
7.73335
9.63006
7.63455
3.36769
6.72112
8.75166
8.46897
3.99369
7.18439
6.82576
7.53558
8.54529
7.48684
7.87341
5.47063
8.71941
7.87523
7.34286
6.19228
7.20868
8.51797
6.26833
8.12596
0.1
6.5906
7.22707
8.47375
8.39844
9.3965
7.73264
6.31765
7.04253
6.34205
7.73028
6.07656
7.49823
9.21401
7.12748
7.46373
8.83622
4.50407
8.09144
4.7802
6.02857
9.04631
4.04457
7.70875
9.35722
9.53953
6.45299
7.07871
9.00264
10.6534
10.0407
3.73994
3.69344
5.8936
8.35946
6.90767
9.67073
8.02405
9.38108
5.97144
6.64962
8.58518
6.7392
4.32511
6.52002
7.06264
5.72187
5.49411
7.0159
8.354
6.85603
7.33441
8.672
6.19962
9.87921
7.37401
5.50954
8.529
7.72107
6.69382
6.82728
5.65026
6.54393
3.92701
7.3571
5.74616
5.60773
8.09494
8.63647
4.34738
9.00573
8.37104
8.39808
6.89172
8.42704
9.07758
4.69517
8.46366
9.7683
7.85646
4.70798
4.57466
6.73062
9.89692
7.751
8.27188
4.60614
5.68159
8.17646
7.27442
7.68404
2.99455
9.09103
9.11041
4.51873
5.14441
7.0514
5.87251
7.38765
5.67168
6.48595
0.1
4.79368
6.68818
7.59597
7.40958
7.28571
6.23011
9.9178
7.07673
6.80414
6.5439
7.2946
8.03665
5.854
5.50496
10.4176
6.91498
5.76323
5.11773
5.66846
8.55657
6.45403
4.1084
9.32345
8.6985
5.21515
7.45736
7.27392
8.96236
9.62292
6.94968
7.14506
6.42578
8.74336
5.31428
8.82853
9.76352
6.93171
7.87533
7.2886
7.49975
6.90146
4.29429
5.745
8.66446
7.43669
7.79892
7.8146
7.83133
6.0909
8.84714
8.05498
6.67197
8.4386
7.701
7.83022
8.98337
7.1841
8.53101
6.20967
5.04513
6.33887
6.35128
6.98283
6.05905
4.94554
7.22532
8.51424
7.82662
8.66582
7.83612
7.13316
7.68446
8.45539
9.66578
5.43558
8.08453
9.84859
7.7188
5.42138
5.44822
6.84101
9.67184
7.9084
8.44581
3.5206
5.80022
7.29889
7.88024
7.95777
3.90801
9.65587
8.83483
5.75099
6.06818
6.56576
6.69812
8.54867
6.52741
6.85056
4.61806
0.1
4.38464
7.57942
7.71749
6.29077
5.79967
9.84162
6.43632
7.89777
6.1295
5.99488
5.93731
5.01948
6.39154
10.0481
7.0578
3.73553
5.36156
6.62708
7.66277
6.48344
5.07056
9.78464
7.12418
4.44025
6.34719
8.79699
9.22927
8.58725
7.13934
7.51753
5.41409
8.03967
5.65923
8.26216
10.0973
7.68976
8.02215
6.434
7.8977
7.21477
3.76625
6.13473
8.92299
7.91932
7.4741
7.82309
6.59492
4.58926
8.59885
7.08477
5.91277
7.80746
8.16902
7.8683
8.95407
6.22609
8.17605
6.1222
4.51674
4.98947
6.52318
6.29177
7.36926
5.68561
7.52131
7.56517
7.79578
9.15471
6.64498
7.09652
8.76252
9.14058
10.6769
6.27131
8.36621
10.6783
8.33103
6.08262
6.71887
7.74884
9.98022
8.35442
9.06016
4.45621
6.64492
7.3488
8.65112
8.69941
5.07663
10.4933
9.11367
6.7142
7.38145
7.01974
7.6654
9.406
7.59348
7.45739
5.9822
4.07271
0.1
8.08321
8.55406
6.21122
6.36758
10.5983
6.53734
8.98971
6.58207
5.71719
4.9735
5.70308
7.60317
10.2472
7.7017
4.77838
6.13444
7.61971
7.55419
6.96928
6.34085
10.5252
6.7092
4.72194
6.39592
9.93782
10.1644
8.4374
7.75514
8.08429
5.40734
8.13712
7.09522
8.51567
10.8591
8.73891
8.559
6.97027
8.95276
8.01001
4.21617
6.83809
9.5265
8.62604
7.77954
8.29857
6.36907
4.27015
8.85997
6.91805
6.222
8.25883
8.88158
8.31332
9.52636
6.26157
8.38477
6.91742
4.87201
4.81585
7.1594
6.72936
8.3403
6.67542
8.2074
7.42738
8.16688
9.94821
6.83612
7.7988
8.9532
9.36042
6.2507
6.09178
6.94186
7.13359
6.18268
6.52771
7.07927
5.9291
8.66886
9.43172
7.17873
6.52031
5.40989
6.73317
5.96139
5.38952
6.07221
7.44827
7.92788
7.02162
8.46455
5.87463
7.01369
9.52566
6.72245
8.73339
8.02608
8.31497
9.55189
0.1
5.74896
6.62173
6.09721
11.0116
6.94952
7.50558
6.40738
7.90021
9.70679
6.30836
7.05254
9.50963
8.10025
8.15555
6.13721
7.05197
6.96317
7.46253
7.61975
6.55222
8.87627
5.0894
8.42915
8.75011
5.4181
8.0369
8.49135
8.62437
8.44546
7.40907
8.41255
5.42001
9.15524
7.02088
7.82806
9.05354
6.5789
6.23267
5.25637
4.33927
8.06639
7.82214
8.77675
6.26714
7.6141
7.19818
8.15158
6.88336
7.31749
5.94184
6.31454
8.1923
6.45195
6.42082
8.59924
5.79886
4.47155
7.75824
9.43077
6.33442
8.61932
6.48237
3.92648
7.44809
9.55612
5.93746
7.78805
7.90131
8.3731
9.40091
4.84666
4.1593
7.9113
8.27589
6.97711
6.07125
5.78831
3.67626
9.60199
9.25579
7.8459
5.38967
3.52
7.37214
6.05646
6.13664
4.95685
7.9917
8.81196
5.23208
7.4717
6.37417
4.57475
8.87431
4.40772
8.33014
6.67573
7.21861
8.61743
4.90409
0.1
6.89446
6.15994
11.0762
7.29237
6.53258
6.63571
7.82955
9.13002
5.73597
5.59206
10.3495
7.99123
7.03154
5.81869
6.32301
7.62704
7.42386
5.81902
7.54231
8.77494
4.59727
8.34687
7.20529
4.35162
8.75486
8.30016
8.44088
8.07349
8.24721
7.36459
6.75584
9.67669
4.00894
8.1649
8.73661
5.97705
6.36965
5.0193
4.01442
8.58227
7.86854
8.84205
7.1659
7.72214
6.82649
8.84025
7.29878
7.31046
6.09984
6.78111
8.43024
7.78026
6.68085
9.00478
5.61406
4.49044
7.44422
8.829
6.54637
7.79704
5.73566
4.50688
8.03176
9.38846
6.67824
7.80639
3.01807
8.91922
8.51765
9.84908
6.86917
6.12695
8.73043
6.51589
6.49185
7.2242
7.28671
8.16647
8.57517
7.8066
5.63143
6.37073
3.15713
7.9839
7.46158
5.91964
9.46283
7.27043
7.64723
8.12266
4.83842
8.18003
9.95667
7.90361
8.02736
7.68532
6.88896
7.32538
6.61081
8.07244
0.1
5.02581
9.81576
4.79821
8.92219
5.15423
4.30318
6.26781
5.00636
7.78238
8.40342
7.45332
6.54161
5.93078
7.70187
4.06155
6.71187
7.65757
9.33119
4.14291
3.98526
5.5162
10.3574
9.02227
4.30485
7.7696
8.20008
6.31518
5.08028
7.78696
5.84002
9.71669
8.81914
7.71501
6.89124
8.11069
7.11236
4.03572
6.21561
8.51372
8.17306
7.2931
6.81238
2.68387
4.45221
7.34282
3.51139
5.16383
6.18283
7.9918
7.63276
7.5929
2.16058
7.21829
5.9158
3.38408
5.12874
8.31063
4.51607
8.97124
6.77904
7.21098
3.62916
8.3966
8.85655
4.08522
5.90828
6.4802
6.22063
8.37406
6.09374
5.45661
6.33342
4.33961
5.14933
5.48173
6.25774
7.31288
7.20922
5.98111
5.27306
5.40065
5.39976
6.40321
5.68031
4.73995
7.53006
6.4958
6.70995
6.01186
3.11593
7.22953
8.28676
6.66878
6.53832
6.55171
6.33158
7.48739
6.06887
7.18983
5.01052
0.1
7.1828
4.47599
6.92154
2.76515
5.35856
7.19884
4.107
5.92614
7.83121
5.49821
6.22185
3.82277
5.74999
6.3648
5.14796
6.70644
7.85755
6.70007
4.29079
5.13957
8.6658
7.73489
7.05502
6.00576
6.67089
5.75504
5.62876
5.63908
6.59558
7.50575
7.61549
6.03057
5.19595
5.82214
4.84248
2.72713
4.88356
6.78708
6.28477
6.02969
5.43411
5.6402
5.0295
6.50379
6.08901
3.84906
6.4712
6.32568
6.15473
6.05999
4.7428
6.34173
3.43446
2.84797
5.1211
6.91189
3.08321
7.23269
4.84178
6.08891
6.00867
7.1195
7.28679
4.69953
8.05829
5.67895
1.98985
9.92788
7.02578
5.91567
7.69883
5.83504
4.36219
6.5129
8.0693
6.69164
5.17529
5.49516
6.57435
6.97527
7.21634
6.79626
6.65771
5.49383
7.63611
6.08734
7.48555
6.31352
5.68495
8.37144
7.39636
7.87324
4.95108
7.07878
7.29295
8.45777
7.43675
8.77363
6.64199
4.87959
0.1
4.80898
7.41599
4.27769
6.54667
8.62104
6.29229
7.09363
7.1087
2.7696
7.76203
3.92397
5.85958
7.89154
2.37723
7.76799
8.33875
8.50031
5.8481
5.90108
9.13675
9.65056
8.7048
3.58675
4.7271
5.70229
6.69909
6.63372
8.45326
6.2344
9.00114
4.25875
5.52117
7.52876
5.46071
3.59672
5.85294
5.62073
4.93152
3.96188
5.41188
7.27844
6.25911
5.63347
7.63285
4.75174
8.76472
6.42334
3.89876
6.7706
6.59576
4.99386
5.65991
4.7771
5.93226
5.84154
5.95233
6.67612
5.29323
7.26287
7.35839
5.11017
8.02468
7.04699
6.47319
8.00618
6.61193
10.4479
7.41182
4.83769
8.24102
5.9603
5.86894
7.34913
8.20248
6.47679
7.10273
6.68421
6.49703
7.13389
5.49811
7.75415
7.28296
6.08822
8.87754
5.60415
8.06271
7.74405
4.94143
8.8284
9.22262
8.43142
6.90931
7.83469
7.39755
8.0926
7.28158
8.96223
5.03498
4.71105
7.45179
0.1
8.7386
3.99421
4.92931
7.54248
5.95098
7.96249
6.43352
6.00981
7.54975
5.31425
7.31484
6.28637
5.24852
8.22662
9.08748
6.80462
5.34582
4.50123
10.3793
9.86599
6.74216
6.34998
6.91979
5.58318
4.41554
7.65006
7.46336
8.24551
9.50383
6.20593
5.74371
8.26068
6.58516
3.66823
6.36447
7.19756
7.05625
5.19829
5.85491
5.55202
5.37629
5.47663
6.11874
3.87797
8.02785
7.48343
5.91479
6.94034
5.13623
4.89979
5.98364
4.24293
5.115
7.3521
5.04699
8.40276
6.49967
7.57041
5.29231
6.81543
8.76266
5.54342
8.75558
5.79446
7.67034
6.63075
5.05143
7.58641
7.42277
6.4285
4.38661
4.78857
6.11785
8.8314
7.72443
6.46033
6.03822
5.27331
8.03443
4.36381
5.32675
4.42266
6.0907
8.17048
5.36406
5.71416
6.42454
5.87858
6.49577
5.15489
6.72303
6.01377
7.24608
8.88312
6.27815
6.40798
7.47391
5.81733
9.18099
6.97483
0.1
6.09172
7.9731
9.56203
6.22606
4.42041
9.63888
6.37116
7.56698
4.39493
3.27585
8.51893
6.09739
6.13181
6.66864
9.47969
5.60181
8.03547
5.00677
7.09777
9.61087
6.65981
6.71748
7.53994
8.3246
6.20956
8.22327
7.65824
5.99984
6.65958
7.94003
5.19867
4.75197
4.62803
3.67062
6.9591
5.78443
7.74818
6.33834
8.281
7.08475
8.04994
8.20379
6.85941
8.08407
5.16073
7.05419
7.19408
7.3028
8.13165
5.24842
4.92238
7.32592
7.43544
6.72141
5.29397
3.71984
5.27651
8.52944
8.005
5.85886
8.14723
6.32714
6.57473
5.59589
9.01794
6.56817
4.93054
6.51475
4.37889
5.16127
6.07955
7.00681
6.72379
6.85764
5.67665
5.8119
6.06962
5.56441
6.62753
5.96271
5.1887
7.61056
5.90299
7.16985
6.41029
3.59786
7.7989
8.32786
7.27708
6.36207
6.96213
6.77009
7.8303
6.45196
7.83623
5.19851
2.79741
6.36738
3.83947
7.33315
0.1
5.39035
7.52363
4.93936
6.5695
7.18093
5.11654
6.8247
3.9935
6.04312
6.51392
4.71841
7.26946
8.00852
6.99282
4.80918
4.90747
9.10057
8.46008
7.15577
5.66954
6.39509
5.65555
5.25517
6.23199
6.98134
7.12286
8.2715
5.55476
5.04761
6.55703
5.05658
2.90491
5.29314
6.42249
6.07981
5.39914
5.12776
5.83022
5.29502
5.87791
6.29435
3.45236
7.16582
6.39183
5.61018
5.92484
5.03904
5.63526
4.3504
3.47381
5.18853
6.83346
3.85462
7.38012
5.22555
6.50893
5.96628
6.72536
7.5557
5.12842
4.97676
8.46192
7.93882
10.4356
6.94451
6.54003
9.27107
6.9333
6.11416
7.03273
7.74784
8.28484
7.84366
7.91994
5.46566
6.70717
5.23011
8.21852
7.87684
5.65954
9.71588
7.4136
7.5875
7.60479
5.4219
8.33225
9.56809
8.0424
7.30731
7.22356
6.16298
6.32929
7.40411
8.60648
4.04061
5.04644
9.08119
4.41081
8.93528
5.01783
0.1
4.89858
5.13027
7.76116
8.37624
6.90534
6.10153
5.65583
7.54034
5.80042
6.16386
7.49103
9.7791
4.30337
4.46352
3.82192
10.3476
9.75688
6.24512
7.12547
7.64709
4.88413
5.8024
7.27713
7.28647
9.66698
9.11403
7.50648
5.64385
8.41833
7.23123
3.46471
6.51701
8.47441
7.96254
6.48579
7.07577
3.75213
3.24528
7.2724
5.27351
4.29766
7.41856
8.2052
7.24627
8.11772
4.26495
6.76741
6.12004
3.9135
3.35142
7.35634
5.02126
8.59032
6.59108
7.74603
5.05574
7.54723
9.30315
4.30295
5.57981
8.71026
8.69665
10.4463
6.54259
7.54325
9.98422
7.65152
6.19464
6.83149
7.54888
9.25921
8.26455
8.57867
4.68616
6.50442
6.15494
8.45155
8.27791
5.34184
10.1545
8.38386
7.13708
7.53025
6.18725
7.91249
9.62472
7.73337
7.52834
6.67346
5.12027
4.61898
7.62661
8.41417
4.93651
5.68545
10.0291
5.6586
8.98395
5.87295
4.11115
0.1
5.0767
7.62996
9.45772
7.43266
4.98727
5.93152
7.62532
6.43608
6.69645
6.86443
10.1638
4.72714
4.18106
5.28244
10.1758
9.79704
7.11996
7.58145
8.01404
5.10675
7.05371
7.14417
7.66584
10.3914
8.81397
8.16239
6.33734
8.61414
7.64643
3.80064
6.63461
9.11718
8.40717
7.30162
7.75658
4.79177
2.40854
8.20425
5.76891
5.37257
7.48803
8.58593
7.92827
8.85864
5.04548
7.74617
6.44338
4.22423
3.73731
7.40193
5.78653
8.57798
6.64932
7.90407
6.17734
8.02318
9.61701
5.40771
5.19454
7.27623
7.69503
8.11678
5.37153
6.66337
7.74664
5.88173
5.51681
5.04571
5.28
8.51865
7.97196
7.24151
3.85983
4.48567
5.49967
6.87245
6.42367
4.18707
8.40024
7.67575
6.04573
6.10904
4.48253
6.42198
8.68384
5.96028
7.11544
5.93824
5.28545
6.46761
6.05688
6.45741
4.81487
3.96233
8.94077
5.45367
7.14611
4.71005
5.25513
6.1991
0.1
5.58382
8.99537
6.59455
4.56876
4.64408
6.12027
6.21235
6.11891
5.69393
8.4741
5.95536
2.93033
5.6574
8.52783
7.32768
6.99605
6.93201
7.44164
5.90025
6.5197
5.42519
6.36206
8.92828
6.86986
7.22632
5.95766
6.08317
5.88386
3.13852
5.00802
7.96621
7.2703
7.07903
6.57865
5.28242
4.32247
7.64663
5.73793
4.89698
5.5032
7.0859
7.27443
7.27928
4.48234
7.46131
4.14717
2.46216
4.95596
7.25517
3.95621
7.51769
5.11788
6.15711
6.19399
7.88712
7.79314
4.53403
7.7521
5.97159
7.65713
6.6092
4.24606
7.43434
7.55949
6.25341
4.64392
2.80909
4.85797
8.93383
7.78532
6.91435
4.83499
4.02718
7.34386
5.53774
5.71721
3.15445
7.23023
8.18828
4.63661
4.82367
5.83209
5.00749
7.26218
3.97671
6.70641
5.02731
6.05889
7.76213
6.09491
5.66688
6.73606
5.14646
9.07275
6.56674
4.5661
5.63867
7.15569
8.38977
5.02706
0.1
9.62041
6.37819
6.18683
4.11286
4.11309
7.86363
6.08018
4.7863
7.53355
8.4304
4.70412
7.27477
6.0239
6.55219
8.88309
6.67415
6.9653
6.86049
7.88561
4.79016
7.61628
8.3319
5.13399
6.99423
7.12778
4.59161
5.06765
4.02288
3.85318
7.52704
6.4578
7.53737
6.585
7.42709
6.18196
8.08341
7.48488
6.21943
7.09704
6.1077
7.23106
7.37081
6.5265
8.02225
4.42796
4.2205
6.50555
7.07866
5.92318
5.89696
3.30914
5.39757
7.89945
7.92371
6.69318
7.15799
9.00449
9.31493
7.75142
11.724
8.59686
5.07554
9.24545
7.14477
6.54628
8.9259
9.79499
3.83382
7.59154
6.65075
8.1914
8.56713
7.516
8.24866
8.02129
7.42982
9.14033
3.68477
9.30772
9.44818
6.83873
10.1957
9.81368
9.83128
7.82306
9.37097
9.3849
10.3092
8.09608
10.3353
7.16712
6.69969
8.95941
5.2303
9.81353
6.07318
7.60986
10.2489
7.97723
9.47992
0.1
7.01558
9.7415
6.55148
8.35629
7.89003
6.04597
9.83998
9.26363
9.51971
6.88376
7.57931
11.4787
11.3242
8.63719
7.27034
7.3247
7.67185
6.16783
9.65442
8.80751
8.13285
10.9544
6.03329
8.46335
9.76517
7.5322
5.32196
7.20157
6.75513
7.30851
6.35481
5.65245
8.00198
7.57717
3.10207
7.87165
6.66025
9.86489
7.72544
5.75816
7.19789
7.28247
4.62157
7.59588
5.77287
7.50489
8.77056
7.31145
9.31099
7.72452
8.3867
7.25285
7.54292
9.26855
8.42329
8.35429
4.93519
2.85907
9.83023
6.87058
6.41977
7.90843
6.13491
3.83565
6.27037
8.02609
7.18276
4.86816
5.67248
6.53578
6.92389
7.56386
6.65406
6.6871
5.29478
7.53483
6.60062
7.26368
5.88199
6.00253
8.19591
6.8353
7.69013
4.35318
6.79068
7.19573
8.45745
7.52825
8.71106
6.93879
5.13499
3.79818
5.33205
7.07927
4.72368
6.84789
8.79096
6.38409
6.85986
7.65737
0.1
7.74836
3.68618
5.45719
8.20098
2.25605
7.57177
8.31419
8.79216
5.9331
6.27708
8.76159
9.63407
9.07843
2.67437
4.17277
5.80859
7.19606
6.37143
8.68959
6.27664
8.83729
4.44065
5.7528
7.44743
5.41463
3.70399
5.78318
5.69859
4.56451
4.5244
5.69522
7.58447
6.41694
6.15171
7.91049
5.16009
8.92735
6.34252
4.19809
7.06033
6.88052
5.61095
5.72361
4.93017
6.1218
5.4161
6.24663
6.10195
4.97886
7.25116
7.74068
4.96855
7.97389
7.37252
6.22035
7.86152
8.51208
9.10224
5.23574
7.73222
9.34863
7.28926
5.67731
5.3683
6.12287
9.45254
8.22252
8.24935
2.38147
5.18175
6.61477
7.6632
7.5777
4.01859
9.41786
8.59831
5.75797
6.34644
6.01937
6.40799
8.86298
6.2087
7.24869
5.24767
3.53183
4.86349
7.02635
7.10493
5.64653
5.38718
9.89984
6.20853
7.79489
5.84033
5.61004
5.46611
4.10232
6.16879
9.85669
7.1827
0.1
5.33505
6.65239
6.99705
6.60706
5.04941
9.45804
6.33208
3.53822
6.17966
8.79909
8.51431
7.87732
7.36311
7.7721
5.74618
7.57889
5.76305
7.48346
9.97773
7.25254
7.98942
6.4882
7.41839
6.96646
3.66591
5.81056
8.82923
7.94908
7.58274
7.56614
5.92818
4.13162
8.44817
6.40078
5.71196
6.81062
7.96383
7.9079
8.54949
5.5206
8.12667
5.65137
3.92654
4.91636
7.12847
5.66074
7.67838
5.67253
7.07454
7.0062
8.11716
8.79924
5.89568
7.58539
3.93091
5.23956
8.32999
5.86333
6.43597
6.82587
5.32381
3.91009
4.66428
6.59835
7.71819
6.34912
5.69911
5.58407
5.64401
7.00549
5.82282
5.66883
4.19811
6.89089
7.02831
6.24867
4.3079
5.18729
6.97773
6.86949
6.32927
5.38125
5.85464
6.36798
7.84857
6.64631
7.38927
6.43322
4.15784
6.27936
5.49256
5.68633
4.29361
6.53455
8.17318
5.2369
5.15036
8.33283
4.29189
6.70405
0.1
4.13616
7.70146
4.37756
6.39269
7.63062
8.16583
5.1291
6.16976
7.59416
8.10352
8.58475
4.83159
5.56799
5.91579
7.04998
4.60572
7.85981
6.71363
7.40605
5.44665
5.54695
5.62817
4.19074
3.1798
4.71487
6.22224
5.06314
5.87567
5.64485
7.07554
5.90757
6.8305
7.38212
4.96251
7.75988
5.78501
5.65271
6.60337
6.27013
6.5864
4.19364
4.16148
5.84146
5.91489
5.36188
5.67659
3.27696
6.21827
7.41811
6.43221
7.04973
6.61492
8.56261
4.36207
6.8112
7.62139
5.36778
7.3623
7.44844
6.26281
3.6728
4.45516
6.48866
8.54042
7.01342
6.21722
5.90521
5.55491
7.89707
5.04212
5.64059
4.1372
6.41031
7.88759
5.60113
4.69461
6.22726
6.34726
6.00416
5.65424
5.92659
5.66251
6.8729
8.51166
6.66733
7.01037
7.29362
5.46233
8.19731
6.60046
3.69948
5.67446
7.60638
9.17468
6.02706
4.49838
9.279
5.55109
7.29963
3.61357
0.1
8.44186
5.424
6.12306
7.1961
9.20119
5.56723
7.51724
5.92174
7.80398
9.48141
5.83124
6.00574
6.97124
8.08485
5.44931
8.35969
7.21941
6.69237
6.16227
7.21891
5.51595
4.55056
4.22406
4.28118
6.62173
5.20359
7.09777
6.20157
8.03832
6.76809
7.69814
8.10974
6.36023
8.23632
5.40951
6.49393
7.17868
7.13624
7.64347
5.05926
4.81696
6.88485
6.62076
6.47512
4.55536
2.74383
5.89304
8.33703
7.28621
6.52608
7.82468
5.10529
9.90724
9.52645
10.2623
7.3511
6.44759
9.32572
7.13892
7.11046
8.09171
7.85966
8.47072
9.39013
8.31376
6.44333
6.92967
3.74452
8.38215
7.88528
6.65065
9.92616
7.58718
8.22299
9.16687
5.7027
8.71688
10.6811
8.51869
8.87989
8.53468
7.93546
8.42579
6.57355
8.44457
3.84144
6.03697
11.0306
5.66458
9.61673
6.10712
5.84246
7.73055
6.10851
8.59134
8.74786
8.32991
7.66657
6.71304
8.42929
0.1
7.4864
8.42439
9.57047
5.95414
4.64394
6.94372
11.0149
9.41628
2.47371
8.64686
8.94677
7.43373
5.45829
8.93525
5.25359
10.3952
9.3735
8.33286
8.28767
8.86522
7.76376
4.91492
6.60095
9.04279
8.82612
8.19954
7.15468
4.78322
5.73862
7.75905
2.64934
6.39707
6.443
8.39464
8.30046
7.91076
4.11669
7.87904
6.74361
4.18657
6.41191
9.31721
5.71687
9.74054
7.54115
7.4438
3.79338
9.26956
9.16863
6.04221
8.48419
5.70252
3.07405
10.2864
7.16599
6.41061
8.31224
6.42024
4.15133
6.70825
8.39469
7.0312
4.46873
5.90141
6.76561
7.25273
7.65029
7.02352
7.05459
5.60893
7.92827
6.47213
7.58395
6.41201
6.20562
8.5535
7.14718
8.08236
4.38124
7.10709
7.41237
8.58249
7.77796
9.07579
7.00699
5.38998
3.6496
5.2208
7.5973
4.8831
6.85408
8.8817
6.64208
7.33277
7.39927
2.52583
7.99259
4.21337
5.97832
8.26589
0.1
7.90736
8.63737
8.87156
6.10777
6.24332
9.22894
10.0619
9.12837
2.69002
4.0902
5.74606
7.17381
6.85299
8.87409
6.55229
9.25196
4.44558
5.85385
7.94642
5.87451
3.85587
6.11397
5.82927
4.93982
3.89681
5.82709
7.64212
6.4974
5.92682
7.98231
5.20118
9.19538
6.68075
3.80799
7.27903
6.98232
5.19903
6.09988
5.101
6.14479
5.47521
6.44646
6.5256
5.47039
7.57297
7.74707
4.45604
8.34356
7.51044
7.98862
7.564
8.94974
8.11345
3.43119
8.41203
9.49861
7.69331
5.34404
4.47308
5.57503
9.99834
8.47591
8.34615
3.91218
4.64891
7.84212
7.06895
7.38389
3.13912
8.98912
9.18341
3.54238
5.9733
6.8273
4.49288
8.09813
4.47347
7.3345
3.97265
5.08929
6.85424
6.97227
6.24379
7.01849
6.16574
10.5234
7.18392
6.7076
6.60598
7.31361
7.99233
5.42724
5.06726
10.5755
7.4545
5.36155
5.40243
5.92632
8.16549
6.942
0.1
9.02466
8.42454
4.64382
7.69059
7.06846
7.92519
9.24744
7.60375
7.80437
6.96707
8.62592
5.80886
8.18197
10.0008
5.64594
8.17812
7.76464
7.00268
6.85256
4.47691
5.31722
8.87379
7.79539
8.29363
7.79073
7.60175
6.05952
9.0159
7.66485
6.86356
7.55928
7.61737
8.22712
8.80353
6.87308
8.83695
5.94519
4.73694
6.56066
7.41495
6.74912
6.82457
5.16449
6.63432
8.29334
8.55112
8.28971
7.63154
9.4794
8.30932
8.79514
7.38824
6.7716
7.15754
6.87585
6.42157
5.97099
7.43691
7.57758
8.15451
8.82976
5.90903
7.52713
6.71586
8.23794
3.98503
4.74146
6.43704
4.53319
7.63432
7.4634
8.46441
6.8286
7.84844
8.39502
7.44704
8.24998
8.35288
9.10136
10.5454
5.55791
7.5012
7.92495
6.69465
10.4689
7.35378
6.76139
6.74447
8.84698
10.969
7.48447
7.39334
9.22555
7.58572
9.3091
5.9757
6.45509
8.59602
7.02712
8.36311
0.1
10.3984
6.40548
9.07563
8.1367
7.73321
9.7293
7.95653
7.83767
8.83319
8.25299
8.77299
7.98808
7.48128
8.0265
6.83944
9.45881
7.06182
5.63983
5.60853
4.47134
6.57236
6.52608
8.57612
5.46595
8.93891
8.14491
7.75256
8.47193
7.79533
8.5882
3.94403
7.45257
5.99039
7.79281
8.36941
6.45873
5.50934
8.46306
9.25608
7.42178
7.82499
6.31205
4.87379
8.70883
9.12758
3.53367
9.06286
3.72493
9.00318
8.75918
10.2086
6.77163
6.88801
9.46517
7.16934
6.48163
7.16261
7.42732
8.77246
8.57664
8.29984
5.21927
6.45513
4.76962
8.31455
7.95478
5.75868
9.92824
7.88004
7.49752
8.02097
5.559
8.11584
9.97181
7.90036
7.95585
7.37219
6.26977
6.35893
7.11974
8.25504
3.33364
5.40181
10.0942
5.21189
9.09169
5.5724
3.68706
4.8248
4.97829
7.82605
8.96764
7.58796
5.8963
6.04899
7.8061
5.06171
6.82755
7.38536
9.83552
0.1
3.881
5.3457
10.4147
9.43754
5.52947
7.83226
8.26066
5.88661
6.08175
7.64723
6.66514
10.1967
8.88124
8.05358
6.74416
8.45683
7.4873
3.98167
6.48745
8.93288
8.42742
7.40099
7.36546
2.65957
3.46887
7.83008
4.30246
5.28377
6.69161
8.39082
7.89238
8.31064
3.63255
7.53998
6.24446
3.75506
4.51751
8.07559
5.14412
8.95485
6.84517
7.60183
4.79319
8.36318
9.32364
4.44843
4.86636
8.40866
8.79814
8.37672
5.4517
7.1717
8.61485
6.68772
6.15924
5.97159
5.37141
9.09408
8.76368
7.98707
3.92033
4.66193
5.43729
7.4045
7.0352
4.84746
9.09681
8.22407
6.26719
7.24381
5.2536
6.50977
9.41903
6.28353
7.93402
6.51313
5.75481
6.59167
6.01579
6.3702
4.71621
5.09404
10.2356
6.03139
7.91767
5.64476
5.6274
6.28296
3.60262
6.43253
9.56119
7.54724
4.84765
5.59866
6.96107
5.81326
6.92861
5.997
8.93221
5.71193
0.1
6.46976
9.08504
7.47066
6.67213
7.84473
8.2276
6.60384
6.86801
6.74271
5.88722
9.86217
7.0431
8.00545
7.15677
6.99609
6.75312
4.0127
5.43319
8.71883
8.08614
7.9073
7.16277
5.20481
4.60051
8.23218
5.2404
5.84125
4.66137
7.68923
8.04077
7.88353
4.42773
8.135
5.26252
3.04707
5.5589
8.11994
4.89193
8.29535
6.02288
6.39076
6.15556
8.69095
8.26812
5.22681
5.96864
7.61544
6.80987
10.2904
6.90807
6.19294
8.78137
6.49428
5.57877
6.67888
7.76644
7.76553
6.98171
7.31818
5.62408
6.70334
5.77553
7.85811
7.53216
5.41541
9.20773
6.93213
7.47492
6.94815
5.21211
8.28567
8.94386
7.91458
6.49349
6.95099
6.14253
6.66581
7.43531
8.63571
4.87597
4.55739
7.70287
3.79331
8.47554
4.3017
3.59946
5.92819
5.19954
7.42679
7.85217
5.9585
6.32724
5.02771
7.01423
6.48912
5.28611
7.41434
9.44141
5.87753
4.82985
0.1
9.97571
9.70683
7.0373
6.18494
6.85468
4.06009
5.80061
6.69189
7.65806
8.86223
9.03171
6.75941
4.14784
8.0616
6.70916
2.81891
6.31055
7.80223
7.25447
5.40674
6.62379
5.02719
4.03979
6.6982
6.0826
2.9593
7.80004
7.768
6.43314
7.72413
4.94477
5.9875
5.77497
4.00151
3.20275
6.52271
4.91559
7.99493
6.0991
7.61938
5.72202
6.62376
8.9877
4.77766
9.62062
7.22732
9.00687
7.27535
4.7235
8.6323
9.12966
7.7732
4.92206
5.65108
6.73084
9.89522
8.48448
7.74316
6.39967
5.82158
8.90067
5.48888
6.70855
4.8392
7.46873
9.19876
4.78433
6.7483
7.5028
5.50147
6.68037
5.21344
7.4215
6.09481
7.6509
9.30861
6.9374
6.70055
8.22349
6.90277
10.7247
7.85162
4.7475
7.16498
8.7518
10.2668
7.04243
5.52863
10.6868
7.47397
8.09724
5.56138
4.96861
9.24857
7.01983
6.12599
7.60763
10.2937
6.09188
8.96499
0.1
7.94763
10.4614
7.6364
7.4961
8.23801
9.31157
7.26877
8.99017
9.1364
5.9651
7.76302
9.01472
6.90451
6.36951
5.31796
4.69873
8.12437
6.94661
8.71214
7.42979
9.06252
7.70637
9.03077
8.88302
7.82262
8.87062
6.36752
8.04369
8.47309
8.08634
9.09826
6.50531
5.62064
8.03462
8.08811
7.75336
5.67441
5.08174
6.03562
9.34939
8.8003
6.92887
9.13556
7.68077
8.04781
8.91207
3.99319
4.90576
7.29922
7.14709
6.17454
5.94365
5.8393
4.11572
8.98491
8.99385
7.15465
5.68997
3.88873
6.98158
5.42736
5.15262
5.1174
7.19182
8.22593
5.83146
7.38373
5.80175
5.53811
8.74418
5.07781
8.1476
6.96678
7.44811
8.83397
3.99183
3.75862
6.64878
5.71925
10.5104
6.92628
6.24471
6.18205
7.65792
9.17143
5.61744
5.58073
9.78203
7.6252
7.27077
5.50685
6.07427
7.33781
7.10103
6.37325
6.70987
8.6552
4.65259
8.09449
7.37494
0.1
8.41426
7.99047
8.1627
7.96848
7.73561
7.2924
6.27279
8.95562
5.10576
7.65506
8.47419
5.15377
5.68178
4.85475
3.24094
7.97704
7.40693
8.49281
6.4932
7.52632
6.79527
8.31837
7.09217
6.998
5.82186
6.09267
7.99693
6.89008
6.41044
8.56968
5.06395
4.21284
7.34392
8.73129
6.09989
7.71018
5.52493
3.30742
7.69608
9.13031
5.75894
7.50764
5.04354
9.82042
9.34732
10.4137
7.4319
6.26929
9.30964
7.08121
7.0505
8.09483
7.99142
8.28505
9.2286
8.23069
6.47745
7.03176
3.56825
8.41245
7.91337
6.64957
9.92457
7.39888
8.28318
9.10819
5.62886
8.82145
10.6251
8.60388
8.75282
8.52426
7.8984
8.35861
6.73907
8.60932
3.61925
5.94443
10.8062
5.39732
9.63537
5.95969
5.58864
7.59673
6.11097
8.61968
8.5052
8.18964
7.66647
6.64626
8.40799
2.20148
7.34279
8.47331
9.62007
5.77931
4.73492
6.68925
11.0646
9.59066
0.1
8.50255
8.81976
7.24986
5.13022
8.88174
5.60664
10.2831
9.49696
8.20277
8.08942
8.90802
7.73376
4.81883
6.65801
8.94025
8.73919
7.98276
7.07842
4.53967
5.61787
7.56
2.87945
6.19537
6.70897
8.39115
8.14075
7.87094
4.00567
7.64207
6.73277
4.19074
6.23145
9.18017
5.62982
9.6957
7.51647
7.55244
3.12694
9.08721
9.23106
5.87081
8.70732
5.25494
4.0394
10.2666
7.03652
6.85903
8.59423
6.7267
3.68059
6.52959
8.38048
7.53449
4.16611
6.20647
6.71027
7.22742
7.93007
7.00318
7.17384
5.43827
7.99042
6.96895
7.39118
6.07746
6.47717
8.41367
6.67237
7.94868
3.61588
6.82669
7.28096
8.51859
7.89377
9.05053
7.23516
5.61029
4.92628
5.63516
7.40238
5.23534
7.06817
8.96967
6.71259
7.18038
7.93786
2.67521
7.94534
4.15008
5.73423
8.51538
2.40309
7.72556
8.72332
9.07806
6.16827
6.51762
8.95473
10.0991
9.42816
0.1
3.56395
5.78338
7.58596
6.65251
9.08409
6.84713
9.14031
4.86021
6.02331
7.95776
5.96514
3.93717
6.11356
6.10361
4.89222
4.53788
6.15866
7.86918
6.59173
6.44588
8.19948
5.50762
9.33816
6.73968
4.38309
7.60727
7.20297
5.80114
6.19926
5.22805
6.26028
4.95492
6.6864
6.04606
5.28333
7.61962
8.05172
4.34017
8.39935
7.75518
9.64153
6.0925
5.61948
10.8745
7.45591
7.52089
9.41097
7.53021
3.66327
7.23414
9.07615
7.93884
3.62011
6.63565
7.36592
7.84723
8.73464
7.27786
7.71627
5.99554
8.27115
7.45968
7.78765
6.95008
7.32625
8.90846
6.17681
8.49563
3.74219
7.35702
8.03663
9.30918
8.4042
9.64851
8.00425
6.53142
6.81235
6.43614
7.82677
6.18929
7.95144
9.94003
7.55345
7.85529
8.3832
4.37449
8.79176
5.01149
6.19029
9.23603
3.82608
8.31201
9.00779
10.0375
6.78046
7.57221
9.2145
10.8156
10.2525
3.73485
0.1
6.66457
8.36998
7.65067
9.79533
7.15979
9.71483
5.15348
7.3498
8.74143
6.61967
4.71143
6.54966
6.233
4.92891
5.51562
6.60505
8.72176
7.38442
6.86658
8.92043
6.55603
10.1588
6.99643
4.6704
8.20775
7.99382
6.38482
7.02815
5.86336
7.13778
5.58341
7.5993
6.03695
5.91617
8.08488
8.82094
4.5507
8.78043
8.77641
7.27869
7.5699
7.1211
10.8796
6.97449
7.27631
9.79685
7.47624
5.31607
6.757
8.27666
8.57853
6.52493
7.94216
5.72885
7.11676
7.08406
8.24542
8.19371
5.33025
9.73456
7.795
7.4066
6.75708
6.38307
8.4214
8.63363
8.10902
5.89758
6.53388
5.71497
6.1466
8.12719
9.11305
6.08784
5.56488
8.11979
5.12911
8.67633
5.40567
5.01506
6.25095
5.91437
7.64051
8.67122
6.01429
6.41745
5.258
7.09607
7.5782
5.30665
7.32747
10.026
7.06074
5.37643
4.42724
10.0011
10.426
8.32105
5.98647
6.58153
0.1
7.17991
6.67393
8.67238
9.40652
9.33061
7.13881
4.57811
8.68276
7.26092
3.29777
6.72383
8.25663
7.44225
5.52897
7.34155
6.3044
4.59761
7.40442
7.10651
4.58702
8.75203
8.22445
6.68123
8.64863
6.16422
6.562
6.48959
4.78854
3.62823
5.45623
6.18594
7.71209
6.21366
8.17474
7.00592
6.08046
9.56316
6.38438
6.18411
8.85559
7.84709
10.2453
7.54419
4.11547
8.02209
5.83865
6.45703
7.79748
8.13766
6.42765
8.17414
6.86001
6.77549
7.13393
4.46932
7.77177
7.14072
6.49924
8.90632
5.5025
8.31125
8.52438
4.76192
8.94092
9.86664
8.58141
7.9022
8.39838
8.01796
8.74063
6.73597
8.79376
4.62761
5.14242
9.01422
3.83399
9.04941
4.74606
5.62893
8.16004
6.17406
8.2967
6.58465
7.03903
7.9974
5.91887
7.77428
5.25713
6.25803
8.57026
8.8483
6.89156
5.28253
5.97747
10.6792
9.56006
5.56097
7.41826
7.8081
6.78286
0.1
8.40484
6.47663
8.70116
9.54318
6.82473
7.21443
8.36317
6.81575
4.37153
6.32159
7.55373
7.62248
6.66745
5.72882
5.47234
5.90033
5.81012
5.38821
5.24615
7.47736
7.51307
6.77269
6.51253
4.74425
6.00809
6.17377
4.16945
6.06263
8.46863
5.09402
9.03869
6.9715
7.30254
4.26997
8.02109
8.56956
5.82541
7.26577
5.31593
6.75414
8.31575
5.15631
7.1768
7.99853
6.28055
4.27577
3.36392
6.03839
8.64355
6.97173
6.94844
4.49901
5.07136
7.04676
6.45206
6.44868
2.82667
7.93594
7.88235
5.43993
3.18173
5.58569
6.23382
7.24951
5.62222
5.8095
4.54331
5.0218
6.77893
6.80274
6.98468
6.30798
4.58462
7.93898
5.90519
6.00413
5.0072
6.2797
7.35126
4.57239
4.48427
9.16795
5.54507
5.40998
3.44477
4.66339
7.65331
5.31922
5.13545
8.36552
7.70897
4.61522
6.1349
7.41329
8.01496
8.5653
5.78772
6.34912
5.60939
7.47571
0.1
7.86529
8.26825
6.80937
6.66383
5.55233
5.94838
5.42429
3.0484
4.94764
7.45719
6.33128
6.59004
6.61849
6.83094
5.33644
7.68076
7.22444
5.20599
7.45034
6.69397
6.69608
7.58339
6.13736
7.35577
4.5204
4.04338
5.41548
5.82183
5.48171
5.87802
3.50594
6.44071
7.47709
6.97789
7.69263
6.40461
6.13726
9.49079
9.48406
8.51929
6.64599
6.52171
8.15864
6.45979
6.88822
7.52468
6.63508
8.54941
9.50951
7.78494
6.25738
5.94995
4.97199
7.38386
6.75804
6.30031
8.88766
7.71286
7.58451
8.80611
5.38339
7.7903
10.2407
7.57096
8.88563
8.24299
8.00944
8.8915
4.79165
7.00175
5.17082
5.85682
11.0607
6.29519
8.68911
6.12757
6.87069
8.62077
5.85676
7.78921
9.14109
8.262
7.6759
6.41368
7.81376
4.91911
7.5234
7.90192
8.3246
7.3422
4.4038
7.67163
10.0216
7.5332
5.90823
8.63455
8.88161
7.96325
6.29583
8.59579
0.1
9.86581
8.16095
8.14083
8.63195
7.70119
7.02507
5.01852
5.60222
8.63658
8.42486
8.54539
6.6779
6.18137
6.37791
7.96492
5.00611
6.79383
4.73417
7.51877
8.31213
7.07181
4.99785
8.28817
6.07346
3.91977
7.06027
9.43331
5.63545
9.28351
7.0245
6.03532
5.84193
9.50471
7.85241
6.65246
9.00439
6.48661
5.77838
9.35344
7.20627
5.96277
6.68417
5.61059
4.80945
7.08166
8.21925
6.27871
6.59
3.10703
7.31897
7.16766
7.83569
5.63363
5.67399
6.09778
5.64787
5.91779
7.73912
7.37285
6.19509
8.49846
7.30694
7.99036
6.37278
7.87731
8.45795
9.79702
6.9915
8.6665
7.4319
5.7608
7.04608
6.01101
6.99334
5.40449
7.87621
10.0984
7.10185
7.36407
7.29456
5.16006
8.84362
4.73793
5.83335
8.40784
4.80477
8.34568
6.73812
9.70745
6.36888
7.6721
8.80032
9.29676
9.36505
5.62662
5.61287
7.46404
7.30931
7.80887
8.52503
0.1
8.97192
3.36176
7.75328
7.36421
4.85595
4.73181
5.41492
2.5813
3.6879
6.31695
4.08317
8.2953
7.4238
5.73669
8.24647
6.41404
9.06028
4.72958
4.63007
5.62029
7.35076
6.18547
6.03126
5.26041
7.40661
7.55779
6.74984
6.86761
5.64945
6.64751
8.10297
6.90956
6.72324
8.23415
8.28512
7.88824
9.21734
5.43654
3.16252
8.17453
8.57804
7.21649
5.68334
5.14954
4.21422
9.76981
8.97812
7.88568
5.22869
3.68381
7.80678
5.95494
6.3455
4.41948
7.96189
8.99057
4.2174
6.89194
6.65879
3.20572
8.28918
2.83258
7.96622
5.98315
6.89014
8.43282
5.73599
3.84153
7.21462
6.25
10.8844
7.40702
5.85959
6.70931
7.94188
9.16099
5.84571
4.854
10.5068
7.76565
6.87575
5.58698
5.7829
8.10897
7.24928
5.04158
7.7308
9.043
4.86835
8.36185
6.14452
5.66631
9.25058
8.02944
8.14087
7.918
8.57272
6.87774
7.54264
9.59564
0.1
8.08116
8.59398
5.94268
6.31224
4.94819
4.08154
8.5319
7.63724
8.73316
7.32423
7.99883
6.86596
8.94319
7.73255
7.32329
6.96493
6.75909
8.32549
8.08839
7.02096
9.02454
5.68593
4.73217
7.40963
8.42112
6.79676
7.14908
5.27332
5.05934
8.3949
9.1396
6.86403
8.03773
8.96722
6.55108
4.89722
10.0598
7.46269
5.87532
7.49876
5.98505
4.76387
7.28909
8.59092
5.93976
5.85736
4.28291
7.37294
7.47422
7.82622
6.44128
6.4476
6.19849
6.83954
5.60338
7.98055
7.41665
6.2917
8.83955
7.43529
8.35652
5.9153
7.92721
8.38395
9.63503
7.45742
9.12341
7.36201
5.77249
5.99759
5.64336
7.58522
5.25595
7.63023
9.89695
7.17051
7.71105
6.74921
4.55136
8.83497
4.79278
6.20938
8.40927
4.06534
8.51481
7.68333
9.566
6.44991
7.29947
9.32882
9.91427
9.32078
4.98002
5.03819
7.06691
7.15147
7.85026
8.77653
4.18717
9.42706
0.1
7.35661
7.9274
5.49875
4.59147
5.92193
3.58719
4.05593
5.46981
4.6059
8.16861
7.26968
5.1612
8.23117
6.10283
9.33139
5.75316
3.27824
6.25574
7.31998
5.35678
6.29377
5.33584
7.13672
7.14332
6.77549
7.02759
5.89402
7.23422
7.98141
6.13801
7.61104
8.13052
6.66961
6.442
5.86802
9.81586
6.5166
6.39915
8.36733
6.2349
4.86597
5.89843
7.42152
7.81978
6.31623
6.89791
5.39348
6.36824
6.40657
7.3607
7.1248
4.79888
8.64942
7.0376
6.97692
5.79241
5.24872
7.8294
8.12386
7.38663
5.60958
6.24712
5.72572
6.67965
7.34244
8.31043
5.60025
4.23776
6.62562
4.44981
7.70004
4.06958
4.88661
6.54051
5.03537
6.6909
8.06154
5.02236
6.10863
4.15855
6.19399
7.12064
4.55902
6.88301
9.04664
6.81907
4.91237
3.81535
9.22209
9.34292
7.82496
5.2567
6.11815
3.86179
6.43708
5.56898
7.92226
8.23418
8.5342
6.26411
0.1
7.43676
6.10594
1.98623
5.92415
7.32967
6.55477
5.01049
6.41855
5.93689
4.57045
6.74616
6.72019
3.09626
7.90842
7.29119
5.9752
7.5374
5.55155
6.03656
5.29226
4.05385
3.89863
5.52479
5.04185
7.11215
5.28336
7.32069
6.55968
5.99975
8.5559
5.45742
7.40981
6.30841
7.38867
5.82839
5.05694
6.65728
5.8422
5.04648
5.00641
4.58078
4.78494
8.23401
7.89063
6.07079
5.39464
4.1471
6.7744
4.80561
4.23978
4.33226
6.26533
7.50767
5.69765
5.85821
5.01301
5.85684
7.71571
5.03025
7.015
6.22808
6.80853
8.3118
5.17255
5.5098
6.38477
4.6002
8.75715
6.19608
4.88569
5.11973
7.05856
8.61395
4.98182
4.17796
9.01132
6.29782
6.76679
4.08868
4.58776
7.37929
5.99249
6.01527
6.54455
8.28458
4.65356
7.18149
6.84325
5.5035
8.34823
6.72691
7.04868
7.08982
7.22897
5.78094
6.8486
7.57739
5.71807
6.53966
7.20535
0.1
3.95131
4.05297
2.75506
6.90907
6.16353
7.39682
5.72461
7.17392
6.28773
7.53034
7.10669
6.01674
6.47351
5.26551
6.92708
6.16885
6.13419
7.65239
3.44442
3.82059
6.62057
7.58078
5.32571
6.57185
3.97269
4.37039
7.43403
8.02365
5.59248
6.82957
7.84555
5.60617
6.24623
7.30422
5.97736
6.03769
4.72198
4.26637
4.65272
5.44241
6.36574
7.3462
7.21167
4.63681
6.13205
5.53533
6.96266
4.56175
3.82525
4.93666
5.23488
6.70421
6.52415
6.02
4.99946
7.00168
7.3125
6.3302
6.50184
6.76579
7.3432
8.78115
5.7835
6.93061
6.61015
4.51528
7.49549
5.832
5.26959
4.6604
7.15875
9.02855
5.68653
5.44027
8.2075
5.40537
7.50207
3.59334
4.46604
7.63055
5.23084
6.94839
6.16948
8.66052
5.30087
7.05621
7.45267
7.16275
8.55803
5.95322
6.30273
7.00036
6.95583
6.22181
7.37558
5.89597
7.1696
5.35562
6.98362
4.66101
0.1
4.03556
3.78877
5.60351
4.95634
6.70815
4.70373
7.42357
6.57474
6.70814
7.41987
5.78314
7.45991
4.33806
5.9491
5.26008
6.41625
6.90281
4.04619
4.22269
6.70941
7.29433
5.51189
6.34933
4.12898
5.1681
7.49068
7.39149
5.51772
7.08846
6.22583
6.28359
6.12488
9.21473
6.13641
6.31193
7.88037
5.83242
4.88322
5.36543
6.80129
7.89192
6.724
6.7603
4.94542
5.81606
6.08224
7.04035
6.71283
4.41595
8.34746
7.09041
6.62167
5.43037
4.7527
7.36552
8.10341
6.87889
5.92229
5.97482
5.43732
6.55789
6.92579
7.75508
5.32254
3.60262
7.00071
4.60908
7.28761
3.79422
4.86425
6.36331
4.29998
6.1282
8.23549
5.24497
5.59842
3.86444
5.88299
6.85863
4.87124
6.44341
8.71621
6.53258
4.47085
4.19876
8.83817
8.69217
7.56994
5.57483
6.36825
4.50811
6.33193
4.95399
7.48136
8.16044
7.98074
6.34784
3.2073
6.78817
5.7261
0.1
5.52625
7.30793
6.52969
5.58585
6.27544
5.68911
4.37068
6.89425
6.45013
3.21975
7.30087
7.03224
6.21267
7.24832
5.18817
6.37666
4.63559
3.56915
4.05049
5.91911
4.43397
7.0059
4.89965
6.88735
6.40404
6.51384
8.1648
4.93128
8.06306
7.01959
8.09195
4.55621
5.12311
7.03288
6.18665
5.62507
5.32594
5.37401
5.07703
8.5234
8.36189
6.28926
5.93192
4.51168
7.27135
4.12936
3.99124
4.8859
5.87823
7.82708
5.82073
6.69752
5.70364
5.84668
7.88138
5.13912
7.51805
6.73024
7.46212
8.96029
4.81003
5.21527
6.90374
5.43933
9.60621
6.73571
4.85966
5.82803
7.71093
9.3635
5.78254
4.93918
9.38076
6.89904
7.4775
4.82717
5.01836
7.75414
6.50481
6.44208
5.84228
8.96895
5.09635
7.93255
6.56653
4.87234
8.80612
7.29166
7.453
7.74806
7.71059
6.78075
7.0282
7.85955
5.53488
6.8924
8.0984
3.87579
4.52412
4.65166
0.1
7.10284
6.44585
7.9897
5.89852
7.77131
6.90406
7.8773
7.5149
6.74959
6.8465
4.96547
7.3389
6.30926
6.68234
8.12974
4.63036
4.3732
7.28759
8.19883
6.09764
6.85772
4.69865
3.3677
7.90886
8.55428
4.65673
7.62379
9.30681
7.0215
6.16755
9.7934
7.50467
6.0526
7.21661
6.02502
5.0572
7.5057
8.61671
6.05747
6.68032
3.57329
7.62182
7.52199
8.06783
5.9791
6.0963
6.41719
6.0321
5.80552
8.05681
7.83566
6.52194
8.85478
7.54197
8.37842
6.59462
8.22023
8.78942
10.1077
7.24302
9.03853
7.65716
6.12362
7.46732
6.16891
7.47128
5.72814
8.11904
10.4196
7.45051
7.82195
7.12336
5.50613
9.20261
5.1608
6.28949
8.60104
5.02404
8.70801
6.95905
10.0009
6.62061
7.942
9.20193
9.73744
9.57493
5.89565
5.74396
7.70379
7.46087
8.28087
8.7758
3.02934
9.38078
3.38265
8.11462
7.89443
5.42357
4.98124
5.75259
0.1
4.13561
6.45751
4.1918
8.54339
7.68052
5.58075
8.45376
6.69889
9.40865
5.07645
4.59882
5.87317
7.59895
6.16535
6.4628
5.51169
7.66168
7.83017
7.08431
7.20982
6.08233
6.9618
8.28321
7.02189
7.05518
8.56321
9.23532
5.44702
5.51057
9.40404
6.96675
6.75173
7.51156
6.25176
3.96818
6.68651
8.19132
7.23593
5.99164
4.75103
7.15968
7.10886
8.21678
5.6725
6.1065
5.7541
6.06344
6.79911
7.37939
6.72242
6.5652
8.24324
6.22447
7.72989
5.58298
7.37321
8.15204
9.5645
7.33985
8.65986
7.68182
5.9254
6.84387
6.31968
6.4885
5.66617
7.97219
10.0407
7.10577
7.01229
8.05408
4.60815
8.65816
4.38895
5.16461
8.77318
4.4491
7.99427
7.22081
9.8599
6.41707
7.71666
8.22109
9.44806
9.7814
4.93761
4.74639
7.25662
7.86763
7.34591
8.94631
4.52557
8.77475
3.99513
7.58262
7.35848
5.01235
4.65189
5.45566
4.32055
0.1
6.25885
5.24863
8.4987
7.40393
6.47204
8.53564
6.49154
9.31288
5.10462
4.73836
6.6621
7.59976
6.55931
6.11378
5.40284
7.34404
6.88463
7.00096
5.85327
5.16886
6.8564
8.4797
6.44336
7.05365
8.42084
8.24505
7.05804
4.9303
10.9662
7.57618
6.23164
8.95443
6.79934
4.99703
7.32842
8.82376
6.84823
4.97739
6.58333
6.9265
7.63761
7.40239
7.75074
7.6691
6.04026
8.80271
6.23967
8.06768
7.24686
6.28398
9.05531
8.15036
8.64094
5.25631
7.58078
7.54284
8.45609
8.07362
9.54074
6.72079
5.57412
5.38747
4.56637
8.52303
4.93418
6.36676
8.54803
6.78346
8.02485
6.86544
4.47903
8.09698
4.99309
6.90677
7.99051
3.44298
8.33842
9.30461
8.48814
6.15254
5.63803
10.1105
10.6224
8.75888
4.49105
5.20778
5.2861
6.74705
7.49683
8.89619
7.60843
9.83792
5.28275
5.68137
8.65977
6.65155
3.90414
6.62812
6.61586
6.1366
0.1
6.1847
7.27581
6.25018
5.59011
7.71525
4.86677
9.33296
7.42628
4.39346
7.66308
6.77065
4.2305
6.54549
5.15637
5.75963
5.92365
6.45628
7.52656
6.24827
8.05498
7.31546
4.44794
9.02859
7.28381
8.38253
7.61516
6.78414
9.12392
7.31186
4.63838
5.57354
4.64308
5.65963
7.39759
8.00171
5.39697
7.55828
3.38273
7.29104
7.0247
7.0146
5.89577
5.24787
6.3564
6.05653
4.92759
7.986
8.00364
5.49467
8.59479
8.50427
8.11285
7.31815
8.28319
8.60951
9.83758
6.28678
8.43097
6.84509
5.47652
8.03148
5.60574
7.60143
5.10816
7.57347
9.90357
6.87348
7.64421
6.65734
6.14614
8.81041
5.22923
6.57967
7.60284
5.60873
8.54157
6.46381
9.21197
6.07732
7.5319
9.40168
8.85304
8.46868
6.64475
6.79892
7.65278
6.32021
8.21009
7.58007
5.35682
8.99647
4.84874
7.93767
7.30541
5.08406
4.77875
5.33674
4.68023
5.61004
6.74311
0.1
7.76996
7.2531
5.28023
7.563
6.29137
8.36106
5.0722
5.57381
3.55869
6.75516
6.17854
5.83663
4.88711
7.34728
8.30877
6.21164
7.89589
6.16407
6.27347
7.33498
7.7137
6.50387
7.74524
3.32276
8.92966
8.54538
10.1253
6.88614
6.45417
9.11999
6.84196
6.46467
7.22071
7.45275
8.39488
8.49146
8.02803
5.49047
6.49212
4.10217
8.18002
7.74259
5.86205
9.71279
7.50109
7.62972
8.05977
5.19815
8.22831
9.95019
7.97299
7.92862
7.55267
6.6035
6.86806
6.94997
8.2667
2.4568
5.17368
9.83476
4.8386
9.03803
5.28614
3.65559
5.56322
5.02318
7.84548
8.57804
7.44863
6.28011
5.96413
7.76049
4.62591
6.69283
7.58304
9.62232
3.0224
4.0223
5.20118
10.4349
9.33842
4.94036
7.72599
8.16865
5.98
5.49448
7.71025
6.38449
9.91573
8.93958
7.82627
6.68022
8.33277
7.30316
3.94508
6.39678
8.68441
8.26665
7.21885
7.06991
0.1
3.92082
7.4973
3.95753
5.0688
6.5863
8.20513
7.68322
7.95826
3.01147
7.25289
6.09745
3.59996
4.6819
8.12471
4.80838
8.95629
6.81636
7.47407
4.10455
8.27967
9.13743
4.07127
5.0989
8.29517
8.21032
10.0894
6.43093
7.12186
9.4327
7.15961
5.98349
6.52116
7.25548
8.86547
7.99384
8.16211
4.60443
6.24565
5.74267
8.13082
7.87908
5.14514
9.74524
7.99615
7.03103
7.16899
5.67068
7.75884
9.37864
7.50908
7.27108
6.56345
5.1326
5.1417
7.34169
8.1658
4.54797
5.15353
9.44889
5.23372
8.6403
5.36308
3.52966
3.11625
4.59089
7.29607
9.07719
7.04157
4.88744
5.56403
7.30136
6.19949
6.35842
6.75365
9.79836
4.40402
3.97117
4.66733
9.91572
9.42125
6.83167
7.23145
7.72876
4.8715
6.61865
6.72813
7.36052
9.91648
8.57416
7.78313
5.74323
8.16009
7.22723
3.38721
6.35023
8.72471
8.04787
6.92873
7.37453
4.3783
0.1
7.8398
5.56917
4.7909
7.14957
8.23405
7.57305
8.40763
4.59929
7.38242
5.98133
3.8349
3.22498
7.17651
5.20031
8.32219
6.32075
7.60195
5.85294
7.74851
9.2499
4.62889
8.80095
8.60802
6.90337
11.1948
8.25847
4.764
8.54775
6.57727
6.10929
8.44084
9.3801
3.35253
7.07138
5.89207
7.89411
8.19613
7.39077
7.74137
7.48974
7.06137
8.48834
3.17903
8.92825
8.8711
6.45309
9.78999
9.24587
9.39032
7.30441
8.95303
9.0349
10.0274
7.80703
9.93133
7.04447
6.25866
7.98339
5.00749
9.21941
5.59145
7.43189
10.001
7.62815
8.96032
3.48621
6.33935
9.39258
6.04125
7.79865
7.87211
5.44748
9.4374
8.75663
9.3501
6.66772
7.27216
10.912
10.8324
8.63589
6.64063
6.74871
7.36911
6.12071
9.09813
8.63278
7.19247
10.4894
5.18902
7.96595
9.17889
6.92466
5.0122
6.80328
5.95204
6.606
5.81936
5.0425
7.86705
7.36177
0.1
7.82017
6.2722
9.5641
7.16515
4.97142
6.63949
7.11153
4.11522
7.11772
5.52447
7.25304
8.28595
6.95007
8.74992
7.21783
7.99353
7.25899
7.05531
8.74912
8.122
4.43963
9.77451
9.47559
10.2074
7.15435
6.69953
9.44726
7.22675
7.01524
7.87511
7.66473
8.70502
9.30577
8.42124
6.09112
6.74234
3.85621
8.40646
7.94982
6.43784
10.0057
7.81176
8.00768
8.94423
5.70208
8.50346
10.5777
8.32174
8.74964
8.25813
7.5409
7.93052
6.67893
8.30593
3.41301
5.93593
10.9659
5.66676
9.51884
6.06532
5.45914
7.12081
5.79877
8.40507
8.97064
8.25858
7.20791
6.61386
8.32318
2.7221
7.43093
8.12798
9.69517
5.19997
4.30323
6.68942
10.8742
9.35419
3.32694
8.55798
8.88187
7.165
5.74978
8.669
5.49496
10.4798
9.18707
8.38356
8.03887
8.77518
7.75953
4.75115
6.5754
9.13558
8.82638
8.13748
7.31524
4.20494
5.29856
7.92248
0.1
6.23546
6.26352
8.46166
8.32469
8.11724
3.75513
7.9385
6.64225
4.03278
6.07063
9.10891
5.5856
9.60675
7.41069
7.472
3.97854
9.16824
9.24725
5.67775
6.06593
6.95147
6.02313
9.73219
6.69451
5.70304
7.91721
5.72354
5.26264
6.25813
7.38467
7.32354
6.72821
6.6453
5.59255
6.37053
5.67754
7.32644
6.90275
5.17271
8.53581
6.49868
7.25572
6.45893
4.56159
8.0047
8.54779
7.55906
6.21269
6.79393
6.25054
7.0838
7.05219
8.26306
4.98538
3.72801
6.77234
3.56899
7.90391
3.30547
4.41912
6.58631
4.91583
6.93602
7.53784
5.35034
6.38833
4.41792
6.48334
6.53071
4.81071
7.22893
8.85993
6.34575
4.76351
3.2302
9.50989
9.16745
7.11992
5.70911
6.48362
4.59356
5.56067
6.20215
7.40887
8.09313
8.64153
6.17373
3.67402
7.3775
6.00678
2.36254
5.86668
7.18951
6.6671
5.09743
6.0447
5.35094
4.52804
6.31117
6.19357
0.1
7.51852
7.19008
5.9498
7.05327
4.93262
5.69399
5.11585
3.70281
4.05863
6.39105
4.33636
7.5824
5.58725
7.16066
5.83921
6.44043
8.39932
4.6899
5.592
8.73435
9.05299
7.59558
5.6955
6.86148
7.94343
6.28166
6.41115
6.46625
5.15261
8.84665
9.1221
7.70077
5.1458
4.6517
5.26091
7.00589
6.45032
5.42078
8.62652
7.99785
6.62686
7.84243
5.06584
6.67443
9.63776
6.42253
8.36414
7.26084
6.97498
7.94621
4.84176
5.82663
5.04582
5.29681
10.567
6.24004
7.87141
5.79669
6.44686
7.75971
4.67075
6.68903
9.43409
7.82165
6.43803
5.83616
7.09451
5.55979
7.18384
6.72822
8.24735
6.79335
3.21811
7.20078
9.11132
6.44294
6.51618
8.17897
8.48751
7.40564
6.69846
7.50309
4.36454
9.66163
6.94449
7.97569
7.94041
6.70832
6.5483
4.51503
5.03073
8.53204
8.08132
8.26078
6.78765
5.87719
5.71011
8.1309
5.25918
6.35387
0.1
7.29325
8.13433
7.2592
4.73135
8.26714
5.25347
3.20721
6.47798
8.77089
5.06354
8.58076
6.26212
5.61142
6.19114
9.11353
7.59201
6.00344
9.12778
7.01454
7.55068
7.64332
6.58101
6.71751
6.04325
5.73082
5.18522
6.75933
7.4005
7.60218
7.87941
4.71768
7.16373
6.50071
7.98979
3.42427
4.21465
5.92383
1.32331
7.10561
7.15828
7.50428
6.35251
7.67002
7.45397
7.15077
7.30905
7.75631
8.54251
10.0043
6.01971
7.58075
7.63057
6.05849
9.06235
6.80818
5.88006
6.05124
8.3454
10.4172
7.03537
6.73712
8.64894
6.50499
8.81185
5.09325
5.45414
8.4766
6.1107
7.93556
4.43076
9.97283
6.19918
8.39429
7.65455
7.89239
9.5406
6.9104
6.84372
8.14641
7.87767
7.89052
8.11041
5.89952
7.8881
5.75665
8.56934
6.38468
4.45659
5.08807
4.27102
5.38823
5.18558
7.69483
4.82098
8.56922
7.69518
7.13119
8.31271
7.11171
8.53726
0.1
6.49448
5.55051
7.49207
7.62719
5.82308
5.21992
7.89319
8.34193
6.92797
6.87201
5.45853
5.26249
8.43444
8.19805
4.37403
8.54025
9.05161
6.87184
4.67802
10.7297
7.71886
6.12976
8.41
6.58491
4.83238
7.5644
8.991
6.09503
5.10256
5.44026
7.47179
7.80959
7.95612
7.14284
7.18766
6.34755
7.82509
5.74279
8.22231
7.58952
6.58087
9.17634
7.64122
8.72865
5.54872
8.01355
8.3606
9.51486
7.93472
9.57769
7.40523
5.98955
5.58032
5.46848
8.16943
5.39683
7.48877
9.77364
7.33882
8.10559
6.54868
4.37425
8.89104
5.05674
6.65285
8.51664
3.54069
8.70908
8.5127
9.53119
6.58646
7.06294
9.82825
10.5311
9.40502
4.56575
4.64197
6.72439
7.21548
8.02015
9.11119
5.8678
9.87489
3.33256
7.13412
8.53811
6.21014
4.56875
6.4103
4.95921
4.89061
4.6243
5.38239
8.15331
7.1917
5.0271
8.31002
5.97959
9.67644
6.59894
0.1
7.03986
7.40728
4.66478
6.68634
5.5051
6.95029
6.78632
6.9741
7.26546
6.23344
7.79183
7.99397
5.30093
8.397
8.18249
7.94829
7.75043
7.2792
8.39405
6.99677
4.71338
4.44955
3.9954
5.80802
7.14819
7.42285
6.14125
7.9865
4.33017
7.00315
6.54647
6.57955
5.62255
4.54445
6.17736
5.96447
5.53446
7.71945
7.92931
5.02392
8.19494
8.70719
7.70754
7.60105
8.13489
8.4186
9.64721
5.53164
7.82096
6.5192
5.22031
8.58902
5.67877
7.37253
5.04521
7.42379
9.66283
6.4991
7.31134
7.24539
6.51159
8.5054
5.22811
6.50858
7.18258
5.98706
8.24597
6.05466
8.88027
5.71577
7.50493
9.16022
8.02648
8.04577
7.01369
7.21882
7.70234
6.14054
8.038
6.85916
6.30628
8.48813
5.62942
7.96515
6.72767
4.8607
4.71692
4.87943
5.60677
6.08614
7.13957
3.04531
7.47298
7.06513
5.94248
7.17039
6.27353
7.64016
4.99233
6.23039
0.1
6.38244
6.69122
5.40669
4.52834
7.26452
8.49023
5.81079
7.98642
6.04118
5.61892
7.04926
8.11441
5.9532
7.41033
2.63877
8.64023
8.3259
9.42789
6.62681
6.02972
8.328
6.18461
6.34005
6.91039
6.88726
8.10729
8.48571
7.58445
5.40409
6.02249
3.07919
7.70591
7.13346
5.69085
9.1599
7.21536
7.40552
7.83639
4.43455
7.88189
9.74939
7.57633
7.8989
7.468
6.71894
7.27741
6.31713
7.70833
2.12904
4.68814
9.60531
4.82352
8.59095
4.9235
4.47611
6.31311
4.59272
7.43041
8.41465
7.28329
6.30247
5.69659
7.42614
4.28936
6.59113
7.38985
9.04208
4.44956
3.6877
5.51269
10.0364
8.57157
4.69598
7.62261
8.07045
6.30148
5.13263
7.46577
5.56231
9.47064
8.45729
7.5595
6.73176
7.67843
6.80328
3.87712
5.92914
8.32617
7.96825
7.24043
6.62524
3.24292
4.43697
7.30503
3.8072
5.03486
5.71233
7.73271
7.52396
7.32532
0.1
7.21038
5.5272
2.95993
5.13113
8.18741
4.03023
8.7431
6.50577
6.89609
4.10161
8.32909
8.53725
3.67345
8.48944
8.15504
6.14397
11.3501
8.09305
5.47106
8.98335
6.81771
5.76167
8.11697
9.29414
5.49821
6.18015
6.43617
7.5351
8.08781
7.32621
7.98178
7.7977
6.73315
8.92302
4.97484
8.69699
8.34842
6.40936
9.63383
8.95248
9.23745
6.55108
8.48367
8.44179
9.32487
8.09306
9.94102
6.8052
5.9972
6.95184
4.40313
9.1517
5.26802
6.79613
9.27842
7.31447
8.73847
5.10651
5.68197
8.87844
5.72483
7.60921
7.85545
4.69654
9.0899
9.29006
8.84734
6.47523
6.38755
10.8031
10.9666
8.57847
5.8729
6.16671
6.41774
6.21973
8.56184
8.82767
7.62157
10.4015
5.29243
7.00369
9.16616
7.00226
4.55692
6.89962
6.46191
6.57918
4.32729
5.79767
7.47872
6.81255
4.04401
7.70034
5.56095
9.55599
7.53083
4.53339
7.3472
6.89795
0.1
6.99402
5.39161
6.51305
7.38974
6.73686
8.4105
6.96572
8.22096
7.11712
5.94769
9.14266
7.68091
6.50039
6.21034
6.76172
7.15337
5.47884
6.04966
5.75478
4.36446
5.02335
4.71992
5.25615
7.79174
7.54427
5.95588
5.08629
4.51845
5.98845
5.66742
4.87122
4.31529
6.90164
7.01868
6.11097
5.65496
3.90251
6.44664
7.98312
5.75252
6.73207
6.22192
6.36838
7.75
5.49976
6.24268
5.61973
3.27381
7.94136
5.4165
5.94912
4.09825
6.19241
7.77451
4.09684
4.85782
8.45967
5.83977
6.21929
3.67482
5.07462
6.7742
5.55095
6.16119
7.222
7.38101
4.22406
6.20717
7.77984
6.52329
7.61405
6.32331
6.83911
6.39479
6.43951
5.29802
6.51678
7.4874
6.6
6.26493
6.18552
4.15136
4.13524
3.34144
3.96276
6.82488
6.17856
6.74678
5.51832
6.33436
5.56194
7.04725
6.49189
5.03407
6.11531
5.79294
6.54639
5.98053
5.32819
7.04677
0.1
3.03998
5.83221
7.17701
4.11077
6.84628
4.17513
5.23709
6.68539
7.57161
6.48016
5.69465
4.66181
7.59249
7.65732
8.09734
5.84553
6.00108
7.09249
5.21872
5.75942
5.74843
5.59767
8.02154
8.10512
6.89299
4.79085
4.86947
4.60091
6.77572
6.07448
4.86799
8.16595
7.16773
6.59574
6.76201
3.44903
6.92279
8.96749
6.46611
7.38451
6.69838
6.22397
7.23185
5.6178
6.61484
4.25539
3.59035
8.88292
5.08739
7.3945
4.33146
5.24351
6.7494
3.21518
6.1337
8.52204
6.66518
5.72162
4.82769
6.40152
5.57011
6.15061
6.50397
8.16548
5.87483
3.23827
5.69532
8.91062
7.18925
6.27581
7.06689
7.56285
6.25176
5.75964
6.2774
5.56891
8.65603
7.27827
7.0389
6.27485
6.1018
5.71613
3.40546
4.95557
7.7145
7.23619
7.04321
6.1218
4.95037
4.72232
7.24943
5.22008
4.82399
4.93867
6.88155
7.14334
6.6361
3.77537
7.19934
4.0219
0.1
5.28656
7.69021
2.82089
7.88478
5.47674
5.93858
5.56057
8.02383
7.53508
4.07095
5.95599
7.88587
7.54274
10.3902
6.70074
6.93703
9.38599
7.08222
5.68282
6.57054
7.6841
8.52249
7.33619
7.90444
5.14302
6.61085
6.12702
8.11183
7.89635
5.20451
9.63038
7.68209
7.23377
6.911
5.73588
8.0796
9.06032
7.77478
6.68332
6.57828
5.37473
5.58595
7.62018
8.57582
5.04598
5.05383
8.62245
4.79581
8.60393
5.06133
3.5113
4.66533
5.06992
7.39435
8.65757
6.46919
5.6027
5.29873
7.15265
6.67118
5.79134
7.04217
9.80423
5.52757
4.62018
3.56254
9.95556
9.80616
7.2986
6.6137
7.19417
3.70229
6.54946
6.57553
7.84722
9.52693
8.91133
7.35804
4.71654
8.27469
7.10257
3.02477
6.45501
8.38106
7.68734
6.1485
7.19399
5.03651
3.10668
7.43815
6.14522
4.13578
7.8125
8.13335
7.04805
8.32509
5.12281
6.79671
6.04042
4.13403
0.1
6.49624
5.35852
8.05385
6.19796
7.79236
6.10627
7.0057
9.29907
5.05241
8.82186
6.23936
6.58867
10.7684
6.8328
7.89635
9.9043
7.7854
3.92176
6.43125
8.51225
8.87855
5.13474
7.70235
6.29557
7.30568
8.31295
7.79712
8.09812
5.09049
9.22062
8.19882
7.05275
5.86105
7.12093
8.2577
6.94522
7.90935
3.64039
5.98054
6.37673
7.53742
8.40251
9.22738
7.41758
6.18868
7.70229
6.25323
7.92206
6.04799
6.9945
8.3934
6.73413
7.29985
9.17881
5.19361
7.37285
4.86909
6.24074
8.79423
4.68358
7.22118
9.72704
8.97144
6.1197
6.58878
9.09085
10.5777
9.7568
4.75021
5.10669
5.05326
8.30056
6.41446
9.51213
8.81873
9.18815
6.68193
6.06868
8.59654
7.00576
4.00701
6.58812
7.77043
6.53827
5.738
7.38036
7.93177
6.27056
7.70891
8.36469
5.90997
9.59825
7.79791
6.24397
8.82712
7.41538
6.99656
6.74436
5.45257
5.89446
0.1
7.14277
6.1343
5.6214
8.16448
8.39041
5.01132
9.29256
7.95243
4.91223
7.36117
7.09866
8.50606
6.1855
5.46207
6.81273
4.77701
5.63257
5.93929
6.20624
7.52359
7.75167
6.51811
5.19109
5.39224
4.49123
6.78356
6.03316
5.03882
8.03157
6.66456
6.888
6.71878
2.63444
7.33406
8.85642
6.85541
7.11582
6.86285
6.41975
7.39496
5.89268
7.14101
4.20882
2.88344
8.19278
4.48229
7.47482
3.5624
4.98374
6.84741
3.83378
6.37538
7.98696
6.25168
6.11055
4.60722
6.37066
5.63321
5.75408
6.86078
8.14097
5.96265
3.85259
5.18198
9.09681
7.71033
6.24401
6.6899
7.25346
5.97917
5.21155
6.30364
5.93105
8.22047
7.74002
6.61554
5.77983
6.30149
5.5258
3.13601
5.11649
7.33841
6.9399
6.52762
5.76052
4.89936
4.74395
6.74977
5.35525
4.18578
5.78127
6.76036
6.69759
6.30505
3.81181
6.65796
4.03239
2.09543
5.07531
7.45583
0.1
7.81824
5.46292
6.16883
5.33314
7.63916
7.57872
3.74982
9.6184
5.26756
7.45371
9.27813
6.01254
8.27795
9.24201
7.64248
2.73611
5.74666
7.85908
9.25027
6.67254
7.22035
6.59379
6.75322
8.89947
6.26993
7.16308
4.80541
7.70132
8.6221
6.04427
5.58823
7.40218
7.20071
4.1698
6.78658
5.41683
5.80382
7.32809
8.93305
7.81282
8.28953
8.14526
6.58738
8.95728
7.26923
5.73667
6.64407
8.30845
9.8964
7.09813
6.18587
9.91325
5.95176
8.079
4.75361
4.36855
9.3528
5.67675
6.76109
8.36494
10.1211
6.35953
8.21571
6.48596
9.50102
10.4834
5.89557
5.61626
7.26438
9.01251
6.58811
9.52313
8.15114
7.93435
6.68717
7.94863
7.58025
6.20362
4.82132
5.60716
7.27844
5.65503
7.4163
7.13508
8.89482
7.39618
8.28121
8.97426
7.13204
9.5526
6.53527
6.79989
8.44678
8.05521
8.10028
6.54471
5.68656
7.43281
6.24006
7.61926
0.1
4.61176
7.17632
9.20026
7.09331
7.89741
8.88914
7.95773
4.32087
6.58155
7.57653
5.16692
7.1179
7.26134
5.94738
3.88124
3.58043
6.03145
8.44025
6.97369
6.2937
5.36256
5.11593
7.43272
5.44495
5.64381
3.56624
6.82924
7.7428
5.44538
3.77598
5.74575
6.14105
6.55781
5.38422
5.85782
5.24909
6.26531
7.92368
6.51284
6.75697
6.82219
4.88724
7.86726
6.23261
4.46382
5.21381
7.06543
8.50094
5.35513
3.84344
9.11545
5.38102
6.61348
3.04183
2.9138
8.02613
5.27378
5.66946
7.47763
8.57363
5.11931
6.94549
6.43601
7.54179
9.00737
5.70868
6.0991
6.48669
7.70439
4.34992
7.98628
7.42966
6.48402
6.21545
6.54189
5.0733
4.46944
3.73943
4.25882
6.80466
5.53346
6.82314
6.17371
7.50274
6.2264
7.57155
7.67359
5.82415
7.72477
5.75251
6.46562
7.08028
6.64367
7.4357
4.42208
4.37997
6.3397
6.33673
5.89978
5.1095
0.1
5.86431
7.90224
7.14306
6.76522
7.1697
8.25584
8.07643
8.8579
4.19649
5.52163
7.16689
6.62966
6.02307
5.94718
6.33157
5.45812
8.70792
8.97796
6.7138
6.35479
4.95608
7.32136
4.66126
4.42847
5.5563
6.3382
8.00785
6.35026
7.70666
6.01391
6.28649
8.63168
5.83619
8.20332
7.44009
8.04114
9.45161
3.82757
5.14895
7.0393
5.96211
10.4794
7.04134
6.14648
6.29979
8.0548
9.80403
6.24999
6.08632
9.60022
7.60347
8.00258
5.5965
6.07444
7.68476
7.08112
7.06591
5.59897
9.2367
5.26908
8.41805
7.41742
4.37278
8.77872
7.98767
8.08534
8.27854
7.82829
7.76163
6.65513
8.4825
6.03425
7.40052
8.79682
5.41577
5.42796
5.09471
2.9634
7.55576
7.12095
8.53343
6.09513
7.9803
7.26372
8.13385
7.50497
7.24111
6.71344
5.37996
7.83996
6.38754
6.83119
8.5127
5.38184
4.60669
7.73165
8.92995
6.46305
7.71524
5.68882
0.1
7.97902
9.1648
4.50117
7.99752
5.04942
9.48938
8.82931
10.5432
7.49137
5.83284
9.11643
6.83521
6.83307
7.97188
8.11444
7.83593
8.79195
7.93927
6.4731
7.11463
3.54916
8.34558
7.83588
6.55037
9.77556
6.94398
8.29599
8.84832
5.37341
8.9053
10.3823
8.64167
8.383
8.39773
7.74707
8.19191
6.95287
8.79376
3.39505
5.63611
10.1692
4.71681
9.52111
5.53186
5.03604
7.33684
6.02284
8.53426
7.95135
7.77471
7.59114
6.39434
8.23176
3.75171
6.93867
8.46089
9.58789
5.57539
4.86232
6.05441
11.0106
9.76657
3.47809
8.08483
8.44937
6.79591
4.38409
8.632
6.17059
9.90602
9.59598
7.82074
7.54915
8.83149
7.53655
4.53921
6.65757
8.61139
8.4357
7.42304
6.82591
4.19707
5.35796
7.07505
3.82894
5.6563
7.09588
8.25972
7.70429
7.67737
3.89329
7.059
6.5812
4.13323
5.80397
8.79002
5.35235
9.47464
7.34208
7.64267
0.1
8.60912
9.2164
5.4589
9.30646
7.12701
5.95457
11.548
7.76683
7.46203
10.0097
7.83092
4.60309
7.61694
9.38849
7.95515
2.95627
7.33195
7.30922
8.11503
8.48398
8.09482
8.32972
6.20627
9.28505
7.40943
8.1556
7.389
7.32719
9.31083
7.54196
8.94361
4.12788
7.54923
7.80702
8.80903
8.7225
10.0525
7.6776
6.53018
6.90074
5.93893
8.73796
6.09784
7.35142
9.32126
7.49937
8.37143
8.08697
4.8809
8.60119
5.42338
7.03562
8.96348
3.90602
8.53117
9.82694
9.51871
6.7092
6.8545
10.1343
11.3328
9.89457
4.26257
4.26438
5.76852
8.05439
7.87739
9.81888
8.25906
10.2168
5.88232
6.75198
9.32201
7.27268
4.51537
7.04131
7.13884
6.26895
4.41389
7.01978
8.28089
6.93534
6.72493
8.62522
6.10113
10.2178
7.85099
4.99725
8.64285
7.72815
5.76937
7.28905
5.82739
6.51169
5.13365
7.49737
7.14346
6.49079
8.5842
8.41894
0.1
9.55882
8.42528
8.98118
7.80353
8.50673
6.22378
6.19673
7.06604
6.30867
6.0083
5.71249
6.76073
6.76006
8.27169
8.65674
5.92211
7.00089
6.00485
7.87355
3.22824
3.92477
5.9248
4.56011
7.68068
6.88403
7.85461
6.39253
7.14412
8.14741
6.6757
7.98008
7.80298
8.55832
10.0173
5.06225
6.67506
7.55988
6.23994
10.1246
7.12676
5.96984
6.39536
8.45886
10.4308
6.91796
6.60154
9.27675
7.31183
8.70413
5.54914
5.88373
8.2766
6.82237
7.72084
3.55101
9.90651
5.95995
8.68288
7.44743
6.66917
9.38268
7.69956
7.67827
8.46793
8.03315
8.10749
7.5728
7.50202
7.16195
6.809
8.99043
6.06395
5.06957
5.28106
3.58409
6.69636
6.40694
8.36352
5.52716
8.53116
7.72801
7.78471
8.12134
7.42735
7.94514
3.91282
7.38816
5.91934
7.39498
8.27798
5.8247
5.11058
8.0676
8.88707
6.94407
7.42478
5.73993
3.93878
8.41353
8.92316
0.1
8.56192
3.86881
7.89363
7.57512
9.29008
6.39377
5.98596
8.04671
5.88802
5.87828
6.32269
6.70983
7.95687
7.89181
7.25697
5.01457
5.81314
4.30918
7.46224
6.92417
5.20093
8.86432
7.07902
7.08373
7.05726
4.11874
7.63172
9.21965
7.25666
7.26356
6.90953
6.08374
6.7401
6.4996
7.64018
3.41883
3.94388
8.70411
4.41848
8.12905
4.25338
3.83436
5.74164
3.94418
6.91305
8.25505
6.6201
5.71097
5.09948
6.90678
5.34289
6.0144
6.96024
8.91839
4.62704
3.69497
4.52055
9.61578
8.5157
5.84294
6.96143
7.5149
5.53752
5.34848
6.60917
6.28251
8.99768
8.21229
7.12199
5.61465
7.25224
6.37616
3.13061
5.73839
7.95785
7.48857
6.60746
6.44371
3.72405
3.79142
7.07659
4.88554
4.06376
6.15156
7.47613
7.04971
7.21487
3.12052
6.81049
5.01306
2.71137
4.29561
7.4473
3.36718
8.18265
5.95626
6.8482
4.88168
7.70146
8.38349
0.1
