0
76.1787
71.7313
75.1851
77.8501
58.0971
61.3965
52.0538
94.2293
61.6788
53.8699
86.4862
100.015
79.7118
45.3682
53.3857
18.6259
89.6794
69.1986
62.8093
90.8619
77.5136
84.9603
66.6649
33.0983
78.0104
118.193
71.0294
91.8539
75.5619
54.3981
53.8368
65.1027
66.8365
9.55045
37.2107
69.5359
44.7332
82.1724
42.722
26.3175
33.1547
28.6956
64.3203
86.9384
74.7713
41.2807
61.566
78.5698
27.7087
77.1288
68.3314
96.4047
14.642
25.1512
37.9814
99.3138
63.1344
27.0358
81.2637
99.7483
56.6564
40.7973
56.454
40.1765
86.9365
73.5309
86.2163
47.5109
58.7304
65.8906
41.354
69.6189
92.9078
91.4784
72.8171
75.2807
11.6123
27.6386
83.031
20.8916
39.2403
33.3011
89.349
87.8558
67.6389
7.26497
77.2249
45.1128
23.0601
37.8192
83.4283
25.6326
99.2677
67.8007
73.0089
27.0995
92.9008
86.4864
15.8111
76.1787
0
29.5213
63.9651
65.9943
70.0859
48.1841
47.2082
20.2286
32.7367
59.6795
79.48
48.2037
46.3909
62.2452
56.9991
80.0857
50.1269
48.8347
38.305
50.0354
75.7036
62.4799
20.0283
53.3812
66.2334
42.7847
54.4383
33.1709
47.1873
58.7562
76.5223
79.9084
69.8343
79.2996
41.6813
31.9404
63.8128
33.2648
42.9158
71.3328
75.607
52.6405
35.348
86.5338
24.0569
61.5133
15.1818
18.743
97.9518
32.2085
56.9166
68.7681
80.8082
70.4324
57.6987
51.9302
64.4824
96.2339
27.3094
36.8063
57.0061
78.1658
27.9533
89.85
41.7644
61.9348
42.6053
41.1875
39.4838
31.1198
39.1712
48.9677
48.9945
29.3624
49.5095
57.6944
79.4864
68.5327
73.8323
95.3316
48.0151
76.0282
48.8967
46.9135
59.7761
74.389
66.223
38.2561
57.3492
61.8974
38.6173
53.8853
27.4421
18.3865
64.9446
89.823
50.4888
60.6034
62.0201
71.7313
29.5213
0
80.8405
89.5227
50.5447
47.2951
41.5062
41.0752
54.5041
75.0159
54.87
35.5848
36.8743
74.9184
72.9179
71.0979
64.5713
55.1826
59.6311
57.3744
51.298
88.2839
42.2089
47.3693
89.4999
63.8402
77.0663
34.2588
69.7263
70.1991
82.1117
86.1316
86.8825
71.2429
37.8302
3.73482
42.781
57.6971
30.5566
61.8349
74.2871
58.0717
57.4972
58.9317
7.83597
71.1493
26.7554
45.4191
89.2313
9.08191
78.7001
75.9892
75.3656
76.0414
45.4013
79.7139
78.0351
85.8895
15.8091
30.8172
49.6789
60.405
44.6557
88.4347
32.601
83.5045
23.3412
33.6295
53.5101
38.1448
36.6651
64.2589
37.1821
29.6235
23.661
45.0563
71.7103
66.1647
46.6661
88.2759
35.4469
80.5369
55.8991
21.2775
51.9254
68.0524
36.896
44.7567
57.5001
55.7808
42.4782
49.364
54.4629
42.3858
77.0841
76.5843
34.6378
71.0592
56.2641
75.1851
63.9651
80.8405
0
42.4591
82.6203
45.5254
52.8338
79.1567
45.8931
27.1191
102.91
110.791
67.1115
62.6139
29.3623
76.6414
35.485
34.5635
54.0639
48.8635
97.8005
51.2658
60.3165
57.6458
37.3365
87.8675
30.7434
96.7738
68.7224
77.9702
95.2314
32.4196
19.3987
80.9713
58.428
82.2789
91.1711
36.516
67.8174
90.9557
91.1417
54.8719
36.2772
114.923
80.66
69.0985
57.811
48.3387
87.9455
88.3595
54.8265
45.4073
87.023
58.4654
88.4286
44.0208
13.1085
90.571
88.0181
98.8062
98.8993
87.6523
57.6123
60.4848
72.9869
24.4642
84.4909
80.4231
28.1535
44.3734
70.8265
17.1201
80.0537
73.7831
100.487
69.4299
85.6003
84.9921
104.74
87.0012
79.0509
48.0098
48.6193
96.1797
58.7091
74.1597
107.679
42.5469
54.6077
90.1613
96.8782
60.296
71.8099
47.7676
14.4953
92.8499
111.485
32.1387
71.9961
77.8501
65.9943
89.5227
42.4591
0
105.685
74.0225
76.0994
75.6007
35.4702
31.0329
127.594
111.173
92.7883
41.2032
29.2551
88.5236
66.2551
66.9245
34.6973
79.8111
121.377
13.4566
51.5375
73.1466
5.69603
85.403
15.2295
92.1221
40.1111
53.9186
71.9526
67.8595
31.3894
86.4472
67.9037
90.4638
100.754
46.5003
78.9835
88.368
78.3649
52.6436
32.729
135.803
86.4829
49.991
62.8245
52.5696
99.0986
94.137
21.2499
83.9909
83.9917
54.2419
87.4362
40.602
43.8308
101.304
90.7426
101.964
89.1383
104.41
48.4713
80.8808
95.2058
18.0063
102.151
77.7388
46.603
65.3134
68.866
47.8429
103.311
88.939
105.303
98.0361
86.878
75.6925
125.262
93.8293
82.0753
59.2491
79.295
109.334
89.7128
80.4112
120.264
54.7884
62.4403
82.2294
85.5274
69.9814
66.0911
48.673
55.6556
102.943
110.706
70.2377
74.8133
58.0971
70.0859
50.5447
82.6203
105.685
0
39.8433
31.5001
87.7765
78.5811
78.484
29.8558
82.2769
40.873
87.494
78.6019
44.4769
74.3934
53.4299
85.5683
64.9405
21.342
110.781
76.584
34.5547
103.923
108.174
92.205
84.2643
101.045
92.1437
98.7183
67.7964
88.213
52.7102
41.7217
49.1085
32.7152
81.0718
33.9967
60.1206
80.1458
62.4276
77.8329
36.0471
57.913
84.2394
58.208
76.3216
58.42
57.7466
99.8091
72.1066
66.741
72.3942
53.8615
105.137
75.0103
55.2088
66.1766
79.6682
74.5369
23.5881
72.4979
59.7816
49.9003
94.2198
48.4351
57.5386
62.3127
51.1731
55.9684
69.5992
51.4283
64.1072
54.5422
30.0476
58.5403
71.3845
31.7157
63.1123
45.6123
66.2242
63.454
52.759
31.0382
51.0369
41.9451
51.3779
50.5491
67.7016
87.8776
41.806
96.6338
71.3045
72.2966
47.7311
78.4178
70.2619
50.2925
61.3965
48.1841
47.2951
45.5254
74.0225
39.8433
0
12.1016
67.1991
51.3472
49.2948
57.4325
82.0657
26.4608
70.5667
49.7372
55.1027
35.8008
13.7591
61.0198
31.1265
52.4877
79.1989
54.4882
29.3783
71.1872
82.8609
59.1492
75.71
77.911
79.2036
93.1852
41.3909
55.8181
62.1577
32.5672
48.2608
55.3459
44.8398
34.4742
70.142
81.4117
48.866
46.5183
69.7527
50.9422
71.327
37.8726
45.1526
70.9759
56.3125
73.6466
38.4335
73.1261
60.5133
62.8894
68.007
41.5489
70.73
60.2222
72.2867
78.3694
52.4265
52.1171
54.238
36.305
59.9943
45.7689
57.066
27.6738
18.0034
50.579
31.0634
42.367
45.9263
65.4072
25.1658
67.8622
72.6226
59.5688
72.8483
51.0561
51.397
29.6284
57.653
15.9647
56.5276
65.8329
26.8446
40.9119
71.9013
80.107
37.7259
69.7006
42.8975
35.7108
67.809
81.8297
32.3111
52.7508
52.0538
47.2082
41.5062
52.8338
76.0994
31.5001
12.1016
0
66.9086
50.5086
50.4379
52.6161
77.0549
29.1301
65.8413
50.4148
45.5812
46.5707
24.9555
59.0743
41.7332
46.309
81.0839
51.9893
19.0319
73.9754
85.769
61.8806
71.5318
75.7793
73.13
85.2739
46.7645
59.667
51.9851
22.8766
41.6122
43.434
50.5892
23.2975
58.9146
71.8524
42.2867
47.8497
62.5907
46.0387
65.1665
34.5815
47.9947
62.4875
50.4583
72.6447
50.4793
63.025
54.7852
51.6382
74.1713
46.6404
61.4741
55.4307
69.5771
68.5766
41.6642
48.2693
51.0869
38.4454
63.8627
43.7986
47.5645
31.0394
22.1019
41.5745
38.646
44.3907
47.8242
56.6435
26.2287
57.3612
62.8529
52.977
64.0457
40.0233
48.2865
40.1262
53.1011
19.3517
46.794
56.9524
23.1424
33.2167
61.4918
74.4059
27.781
71.6815
43.2443
44.3617
57.2473
75.2843
44.1425
42.378
94.2293
20.2286
41.0752
79.1567
75.6007
87.7765
67.1991
66.9086
0
46.094
76.0837
92.9378
43.2484
61.0299
75.206
73.1212
99.2948
62.6211
66.6272
48.7587
62.7425
90.3628
68.7414
31.5783
73.2804
76.5775
26.6677
66.3962
25.859
50.9731
67.7819
85.4971
98.5781
85.1753
97.4897
61.09
43.6859
79.5478
44.1822
61.3765
86.3934
88.7018
70.2117
49.5807
99.1441
33.6687
74.395
35.0057
30.8342
117.112
39.5179
65.8441
82.3622
97.1807
87.6826
71.8122
55.7659
81.6036
115.131
30.9669
30.6721
65.1504
96.4386
41.9525
109.855
53.2179
74.5545
52.2036
54.4894
57.7136
49.7707
54.8804
65.3947
58.9026
36.0673
57.4953
73.9282
96.6689
82.7103
86.2547
113.974
63.835
95.0626
61.9528
53.7319
77.891
92.9495
76.642
58.1088
76.5816
74.5407
35.2178
73.2167
16.9502
34.4844
81.7012
108.091
48.7032
75.328
79.8035
61.6788
32.7367
54.5041
45.8931
35.4702
78.5811
51.3472
50.5086
46.094
0
32.3106
97.5278
76.7257
64.7194
34.2953
28.7453
70.5611
52.908
48.8113
10.525
60.7071
91.5797
34.7236
17.5766
48.8645
36.4183
63.8375
25.582
58.9892
27.1329
38.6235
58.9494
65.4938
43.6443
68.2226
39.1047
55.3639
70.6196
29.7597
48.1875
64.6293
60.9575
33.0778
10.0861
104.429
51.2862
37.4882
28.2187
25.7183
85.7208
58.7618
25.928
72.3285
67.0562
46.4771
58.2445
41.5814
44.4234
85.7875
55.6502
68.4118
59.6256
79.5625
14.5526
74.0576
65.5383
34.4671
69.4624
45.3357
27.2064
38.5405
37.4478
37.5688
73.6819
58.3786
70.2194
71.5605
68.1563
55.5056
93.3262
81.165
51.0845
54.5674
59.6669
74.8468
66.7844
62.3842
86.2604
28.9034
43.0397
56.3559
53.9738
45.9715
43.0129
16.5169
52.3004
83.1851
75.8971
59.6918
52.1527
53.8699
59.6795
75.0159
27.1191
31.0329
78.484
49.2948
50.4379
76.0837
32.3106
0
102.945
104.08
72.5827
36.4915
3.93188
60.6715
53.9115
44.7214
37.2425
64.2351
96.1483
41.4394
48.7886
46.1414
28.4502
91.1702
21.5551
88.816
52.3469
54.0914
69.5223
40.5378
15.4186
61.4256
45.1974
75.4314
77.9578
43.1831
56.7653
69.5043
65.9575
32.0791
27.1097
111.394
74.6205
43.2545
50.2942
48.6231
71.5386
81.6777
35.8011
66.4633
63.8361
33.2104
69.8407
52.3504
19.3836
73.9731
81.3997
95.5642
79.3832
76.723
42.0592
50.8601
78.2789
20.3346
85.5647
63.7357
26.2921
46.784
53.4604
29.6369
86.0823
77.7446
90.2941
74.165
64.2772
60.8965
102.109
68.0115
63.1001
30.5349
63.3727
93.7695
63.7588
54.8308
100.236
31.7871
36.0952
68.358
83.9955
44.4506
71.528
41.9619
34.3018
76.283
102.293
52.8093
52.0216
86.4862
79.48
54.87
102.91
127.594
29.8558
57.4325
52.6161
92.9378
97.5278
102.945
0
78.4184
42.9931
112.12
102.779
73.7439
84.9565
69.4032
104.895
71.1838
9.08823
130.801
91.6608
61.4116
125.802
110.071
113.281
86.9652
118.969
113.592
120.99
91.1439
111.949
80.8278
64.72
54.1211
50.6761
94.6142
54.6465
83.2025
104.058
87.9945
96.8343
17.5638
62.4216
108.473
72.1456
88.4476
87.0014
59.7969
121.432
80.5897
93.3484
100.359
73.0392
118.928
97.9512
83.2069
68.7301
76.3573
89.2433
49.904
90.6093
88.635
47.6001
115.917
42.5602
74.0699
82.1785
65.3153
75.4518
88.0932
44.2785
63.3559
56.7033
35.0765
85.4411
95.3499
13.3791
91.9104
64.9102
94.9431
69.979
44.834
45.5223
79.6533
36.4175
73.5362
77.9668
88.0745
95.6329
68.5301
103.856
86.3729
91.972
74.378
76.6735
82.937
76.7068
100.015
48.2037
35.5848
110.791
111.173
82.2769
82.0657
77.0549
43.2484
76.7257
104.08
78.4184
0
67.3916
96.3951
101.274
102.122
91.9455
88.1626
78.4558
85.1474
77.2567
106.088
59.8129
81.2959
112.376
61.2908
101.165
21.3089
81.2713
84.6277
94.5077
120.62
116.139
99.5992
70.2375
35.9947
68.1634
80.7114
63.5077
83.2391
92.4732
86.0023
81.9974
77.9402
31.8093
91.5291
54.3732
66.4478
119.553
26.753
97.2933
105.637
99.6337
104.053
65.8438
97.4914
109.623
115.454
23.2134
17.462
57.4511
90.4486
65.6544
122.629
58.6118
109.238
46.2141
53.807
84.2455
70.2855
61.0385
94.6777
60.242
48.3763
33.2682
77.2542
97.6527
86.4782
67.5587
117.403
61.1154
112.79
84.0044
34.9801
86.3185
97.5199
51.495
76.9661
88.9181
72.751
35.4273
81.2854
60.1008
65.6915
109.234
104.729
11.5702
101.515
84.2707
79.7118
46.3909
36.8743
67.1115
92.7883
40.873
26.4608
29.1301
61.0299
64.7194
72.5827
42.9931
67.3916
0
88.7461
72.2402
72.5148
43.3021
33.2593
73.9279
29.8616
41.5848
94.9321
60.8786
46.9012
90.5012
74.5648
77.7811
66.593
88.4439
92.2259
106.218
66.4874
79.516
78.7164
46.0225
38.7891
57.5821
53.761
41.4183
81.0337
95.1681
67.6637
61.6468
57.0027
41.3569
87.9599
41.7497
49.76
89.3475
44.7938
90.0492
44.9106
89.0467
82.4222
69.1144
77.4339
66.0391
87.56
49.5868
56.7421
81.4921
60.6746
62.2607
78.2772
12.2227
80.3297
23.4384
61.3519
47.4249
27.5223
58.9106
50.9296
16.237
28.9104
55.844
14.5276
83.2753
86.098
44.6509
91.6869
56.9086
76.5829
28.5015
38.0108
23.9648
74.2716
53.3564
45.6317
61.2639
80.7149
76.6144
54.7345
67.2661
51.002
58.097
81.4324
69.3766
45.1113
67.955
45.3682
62.2452
74.9184
62.6139
41.2032
87.494
70.5667
65.8413
75.206
34.2953
36.4915
112.12
96.3951
88.7461
0
33.4829
61.1628
81.7838
71.2383
28.9442
89.3402
104.365
44.9665
43.9169
53.7976
44.0683
95.5446
40.7952
79.9601
36.1483
20.9716
33.8078
72.9126
49.6538
54.2529
47.5084
74.1357
72.3887
62.4508
57.8186
51.0774
37.4295
25.2732
39.8719
115.445
73.2618
9.46022
53.3358
59.7069
71.1876
78.5468
25.9728
97.373
46.5348
26.0825
54.1099
70.2186
55.397
71.9497
77.2572
93.2192
56.1636
78.7779
34.468
67.1064
92.0264
46.7044
93.398
49.7247
49.7464
64.4234
41.7339
60.2528
99.8553
88.0367
82.3559
91.3203
51.5466
36.1212
107.167
63.5591
53.4995
45.221
88.1369
95.9368
84.2024
49.9225
97.5808
44.1707
39.1395
45.1717
67.9347
46.0286
74.5782
49.1508
69.2293
71.8524
91.7796
84.1477
42.9215
53.3857
56.9991
72.9179
29.3623
29.2551
78.6019
49.7372
50.4148
73.1212
28.7453
3.93188
102.779
101.274
72.2402
33.4829
0
60.9915
54.325
45.503
33.3579
64.516
95.9687
38.9371
45.3474
45.8246
27.2251
88.5976
19.5946
85.6675
48.4833
50.5477
66.4922
43.9171
18.4026
61.0773
43.7658
73.3213
76.719
41.7071
55.3959
67.7534
63.6888
30.0749
24.1774
110.908
72.2371
40.2574
47.8383
46.3262
72.3588
79.3149
32.3298
67.9304
62.7196
32.5132
67.6755
50.9241
22.523
74.5226
78.7586
92.95
76.3483
76.7198
38.5437
53.215
77.4522
20.1818
84.2687
61.0293
25.6578
45.9972
50.8267
30.4288
85.3567
76.1778
88.0191
74.3718
63.4463
58.6837
101.456
68.4714
61.0735
32.3691
63.6156
92.0547
64.5215
54.5316
98.7751
30.5212
35.5059
65.8068
80.4856
43.6282
68.6941
39.231
36.7938
76.3024
99.4453
54.21
50.7752
18.6259
80.0857
71.0979
76.6414
88.5236
44.4769
55.1027
45.5812
99.2948
70.5611
60.6715
73.7439
102.122
72.5148
61.1628
60.9915
0
87.4537
64.8193
74.0357
86.1262
64.7723
96.3043
74.8514
28.7257
87.6705
122.605
79.433
96.8743
88.6447
70.532
71.5067
59.9518
71.9648
12.9548
38.4136
68.9344
39.8391
85.573
40.8147
36.0155
50.0256
39.862
71.4099
74.8205
75.7828
57.8462
64.9375
82.6538
18.3178
77.5365
81.5002
89.991
29.896
38.9545
44.0001
105.149
64.4918
16.6111
83.3506
101.241
66.413
26.212
65.7103
32.5153
81.3657
80.7625
81.1679
54.2349
60.6938
64.14
48.841
69.9969
86.2905
89.5265
72.5607
65.1077
22.0369
43.4965
72.3314
19.4423
42.5069
36.4451
84.6188
83.9026
57.2271
12.3129
71.0646
47.334
27.7966
49.569
91.6477
26.4727
105.121
73.1604
70.97
16.4313
95.4811
82.1591
24.3465
89.6794
50.1269
64.5713
35.485
66.2551
74.3934
35.8008
46.5707
62.6211
52.908
53.9115
84.9565
91.9455
43.3021
81.7838
54.325
87.4537
0
23.5218
63.1442
16.3778
82.5084
69.0175
58.1712
61.192
62.4327
66.7785
52.0566
81.658
77.0594
90.5271
109.232
51.5906
53.2636
92.9401
59.592
67.195
87.6348
27.4695
63.8754
98.5188
104.221
68.7215
44.4597
99.2475
64.3917
85.5776
49.1999
36.7901
102.506
71.799
72.7377
22.8559
100.849
79.8596
90.016
43.6712
42.6888
103.253
71.3808
77.1327
99.169
88.036
60.5122
79.412
46.0272
51.478
60.3086
78.9113
33.3859
30.049
72.146
24.5639
51.9003
46.6705
87.5571
50.4514
97.5923
96.4145
87.3442
103.105
78.1732
71.4364
16.8041
74.2774
45.8448
86.5406
92.8906
46.5861
66.7864
95.9619
88.6151
66.9421
57.1176
42.9686
31.3895
101.608
95.5573
14.9075
81.1187
69.1986
48.8347
55.1826
34.5635
66.9245
53.4299
13.7591
24.9555
66.6272
48.8113
44.7214
69.4032
88.1626
33.2593
71.2383
45.503
64.8193
23.5218
0
59.1413
23.6849
65.2324
72.2223
54.5452
39.531
63.4385
78.8525
51.8553
79.5823
75.7762
81.3079
97.2751
37.0684
48.1687
71.4238
41.2163
56.7698
68.0225
36.2019
45.4549
79.6522
88.0249
52.8192
41.7584
82.6195
57.2759
73.6796
41.0483
40.6367
79.8239
63.7946
69.9343
28.6155
81.2464
63.4419
72.7909
57.6469
33.8518
80.3974
65.9855
76.4174
86.2324
65.3732
53.2345
58.507
41.1238
51.5314
53.2167
65.08
22.822
18.5287
57.721
20.1942
47.5323
47.6929
75.4799
35.1275
76.943
79.6978
71.9678
81.1446
61.0587
53.2619
22.549
66.2418
26.2624
65.2395
78.0494
30.2206
47.1898
80.0496
84.2198
46.5446
65.7862
40.6836
24.9242
78.8205
89.137
19.5187
61.441
62.8093
38.305
59.6311
54.0639
34.6973
85.5683
61.0198
59.0743
48.7587
10.525
37.2425
104.895
78.4558
73.9279
28.9442
33.3579
74.0357
63.1442
59.1413
0
71.0594
98.6811
32.0057
19.4208
55.0154
37.2217
66.9411
29.1929
59.6328
17.594
30.2058
51.2785
73.6036
48.8636
69.9214
44.639
60.1442
73.9957
38.803
53.5907
63.8617
56.8326
34.734
19.5572
110.531
55.8261
31.9625
34.9197
33.9016
88.4226
62.7144
19.3646
82.7922
66.139
46.7092
58.4239
46.5484
52.1138
88.3937
58.9228
71.7415
56.584
84.4124
15.6447
79.2852
74.2301
38.7466
76.723
45.7679
37.2151
48.4623
38.684
47.4608
82.2781
66.0329
72.8248
80.7145
68.5559
52.6859
99.7691
82.8129
53.2578
58.5409
70.0212
80.4883
76.1965
64.5767
90.6468
36.9206
47.1098
53.921
51.5618
50.51
45.8938
25.0907
61.5326
85.7563
76.9173
70.0444
53.846
90.8619
50.0354
57.3744
48.8635
79.8111
64.9405
31.1265
41.7332
62.7425
60.7071
64.2351
71.1838
85.1474
29.8616
89.3402
64.516
86.1262
16.3778
23.6849
71.0594
0
69.8511
82.2174
62.296
59.3593
76.3765
68.219
64.9993
78.4779
85.3508
96.3496
113.883
57.1494
65.8546
92.5158
58.4202
60.0886
81.367
38.0978
59.6845
97.5573
106.613
72.8051
53.8301
86.2842
58.4947
91.6337
48.8615
42.2366
101.849
64.8068
83.4374
20.9818
101.892
85.46
87.5686
57.4659
53.2556
101.816
65.8334
70.5713
97.9348
81.8985
64.933
81.5537
32.7159
65.3611
48.1306
77.2156
40.3327
28.0658
71.8877
35.4644
37.362
37.7547
79.9933
37.6679
97.495
98.151
74.3498
103.496
75.1886
76.805
1.6889
63.1202
36.5219
86.6561
82.2078
49.0153
68.7766
95.839
87.8153
66.5176
61.1262
47.9848
41.2841
98.7659
89.0538
21.2346
81.1235
77.5136
75.7036
51.298
97.8005
121.377
21.342
52.4877
46.309
90.3628
91.5797
96.1483
9.08823
77.2567
41.5848
104.365
95.9687
64.7723
82.5084
65.2324
98.6811
69.8511
0
124.962
86.3301
53.353
119.703
108.993
107.344
84.2819
112.989
106.22
113.07
85.4197
105.668
71.7574
57.1866
50.1685
42.4595
90.7617
47.1516
74.6313
95.5943
80.0396
91.1601
18.1835
59.0615
100.577
67.0257
84.5484
78.1912
56.7674
114.817
79.1723
84.3855
91.9637
65.1908
115.203
92.0056
74.3332
65.8901
75.5683
82.5624
40.9195
84.4353
80.8205
47.3902
110.019
42.4477
67.2042
76.5501
60.9444
68.2239
83.2479
45.5941
62.6951
52.7321
32.7452
76.4153
86.9068
13.4749
82.9203
57.2376
86.9439
68.5187
44.6056
41.4006
70.667
33.3827
66.8408
69.7306
80.1729
91.3965
60.2203
101.138
81.4533
87.1628
65.4155
74.5467
80.1431
68.0033
84.9603
62.4799
88.2839
51.2658
13.4566
110.781
79.1989
81.0839
68.7414
34.7236
41.4394
130.801
106.088
94.9321
44.9665
38.9371
96.3043
69.0175
72.2223
32.0057
82.2174
124.962
0
47.7664
79.0439
17.5844
76.895
22.1286
86.0353
32.2975
52.5712
71.8399
78.6218
43.4349
93.3675
71.7483
89.4354
103.86
45.676
82.0012
91.905
81.2479
58.1486
34.0243
138.648
84.1769
52.7
62.1522
49.8431
108.058
91.8186
19.7231
88.9033
89.7235
62.5243
89.1799
36.2518
54.066
109.655
87.1793
96.8514
87.5461
110.404
46.9899
91.832
95.64
28.0875
101.741
77.6167
51.5919
67.8003
69.8585
53.8656
103.707
86.8996
103.989
101.881
92.9377
78.8341
127.513
102.439
83.9913
69.9689
81.7347
108.039
95.1514
87.5204
120.956
59.4211
69.3083
83.4803
79.3256
75.6365
58.1203
47.085
64.2065
109.997
106.283
75.5487
80.0292
66.6649
20.0283
42.2089
60.3165
51.5375
76.584
54.4882
51.9893
31.5783
17.5766
48.7886
91.6608
59.8129
60.8786
43.9169
45.3474
74.8514
58.1712
54.5452
19.4208
62.296
86.3301
47.7664
0
51.687
53.0157
53.6972
42.541
41.5089
28.5537
39.8485
59.1377
77.9021
60.6027
71.7001
39.106
43.1638
65.1322
35.2979
44.5079
62.7958
61.5627
40.3915
25.0712
97.1795
37.4209
43.6187
19.9459
23.7339
91.449
44.5319
38.6018
77.8994
69.9051
56.9382
52.354
49.3643
59.1745
90.2756
39.9714
52.3832
49.4938
79.0138
10.7894
84.3548
58.9992
51.5042
59.707
36.28
37.1163
39.213
31.8494
48.6187
66.6925
48.9835
56.9863
69.6014
70.5873
55.7599
85.6116
87.037
45.1912
66.8085
61.1359
62.5423
68.3065
66.705
75.7666
34.564
49.5666
51.7916
37.1525
48.9301
33.7459
15.2733
64.5007
85.1701
59.2596
67.0176
54.0233
33.0983
53.3812
47.3693
57.6458
73.1466
34.5547
29.3783
19.0319
73.2804
48.8645
46.1414
61.4116
81.2959
46.9012
53.7976
45.8246
28.7257
61.192
39.531
55.0154
59.3593
53.353
79.0439
51.687
0
71.8763
95.225
60.9938
74.5418
71.302
61.7523
70.6585
49.345
58.1735
33.3471
13.6669
46.1831
34.7976
59.1041
18.3034
41.9711
54.7852
28.5733
48.6268
67.0356
51.5363
51.8285
38.3844
55.5019
46.4745
55.1137
66.8101
66.8356
44.1412
39.382
38.7563
80.7936
48.1177
45.268
60.0843
77.0108
58.3374
32.2899
44.57
41.3714
54.9252
63.5285
56.6661
39.3081
35.8237
35.6283
32.1635
46.4899
60.9243
61.7416
56.526
43.1161
38.5469
45.9494
59.6349
46.4643
29.6019
36.5907
57.7757
62.0391
35.9814
27.958
58.8229
21.5829
16.7994
47.0217
72.7253
9.70959
78.6266
47.1852
51.7336
41.2167
77.0305
58.5119
24.0745
78.0104
66.2334
89.4999
37.3365
5.69603
103.923
71.1872
73.9754
76.5775
36.4183
28.4502
125.802
112.376
90.5012
44.0683
27.2251
87.6705
62.4327
63.4385
37.2217
76.3765
119.703
17.5844
53.0157
71.8763
0
85.8551
12.9118
93.7573
44.324
57.7869
75.8274
63.4036
26.7657
86.423
67.3953
90.5405
100.758
44.4166
78.5095
89.6897
80.8282
53.0855
32.1311
134.593
86.7609
52.8527
62.7503
51.8477
98.2142
94.5458
25.8056
79.5166
85.0636
54.5586
88.6836
38.8543
39.3785
100.599
91.4619
102.604
91.631
103.358
49.9964
78.3353
93.3259
13.017
101.014
79.1287
44.0858
63.185
69.9727
43.9316
101.365
87.7721
106.034
95.4663
87.4525
77.6997
124.043
93.4364
82.7354
57.3756
75.9195
108.904
86.7402
80.2003
120.097
53.4973
61.759
84.3008
88.0823
69.372
66.8551
48.5073
50.8518
102.531
112.138
65.8011
75.1582
118.193
42.7847
63.8402
87.8675
85.403
108.174
82.8609
85.769
26.6677
63.8375
91.1702
110.071
61.2908
74.5648
95.5446
88.5976
122.605
66.7785
78.8525
66.9411
68.219
108.993
76.895
53.6972
95.225
85.8551
0
77.4002
48.0149
66.8589
89.693
108.703
111.502
96.6986
121.877
84.2493
67.0177
104.484
51.5919
85.0924
112.503
113.846
92.5689
64.5917
118.384
57.171
96.4506
57.7485
44.0214
140.355
62.548
80.4344
86.4788
122.25
109.007
98.229
54.5897
93.8674
138.879
54.458
46.6117
91.4953
119.672
64.3648
128.965
65.3958
84.299
67.7299
80.9497
72.9715
65.4961
80.54
76.1599
69.7009
47.3398
81.4819
88.7582
121.718
108.069
105.014
137.637
89.6743
114.156
68.073
71.5601
93.0704
116.83
98.4197
78.1518
98.7518
100.819
59.0384
96.307
21.0725
52.59
91.4538
132.576
69.7008
81.4225
104.416
71.0294
54.4383
77.0663
30.7434
15.2295
92.205
59.1492
61.8806
66.3962
25.582
21.5551
113.281
101.165
77.7811
40.7952
19.5946
79.433
52.0566
51.8553
29.1929
64.9993
107.344
22.1286
42.541
60.9938
12.9118
77.4002
0
83.3218
40.3718
53.5994
72.696
56.8761
24.2569
78.7966
55.9647
78.1883
89.7444
33.2896
66.7251
81.6063
75.4174
44.6238
19.6951
122.228
74.5708
48.4542
50.3702
40.1217
91.623
82.4244
24.9945
69.9008
78.7314
49.6389
79.0169
34.0577
32.2918
93.4758
79.7035
91.1248
82.9726
92.9853
39.6645
72.2626
80.547
9.88809
88.1474
68.7635
31.6837
50.3851
59.5746
33.0843
88.613
75.3491
94.2876
83.0515
80.1951
71.0781
111.455
87.4107
72.034
51.8776
64.4131
96.2228
74.9111
72.3657
107.836
41.5414
52.5896
76.2325
78.9119
59.1657
57.9748
36.3482
42.7695
94.3035
101.049
56.0818
66.3487
91.8539
33.1709
34.2588
96.7738
92.1221
84.2643
75.71
71.5318
25.859
58.9892
88.816
86.9652
21.3089
66.593
79.9601
85.6675
96.8743
81.658
79.5823
59.6328
78.4779
84.2819
86.0353
41.5089
74.5418
93.7573
48.0149
83.3218
0
60.8099
67.8951
80.5532
110.696
100.654
93.4268
61.8034
35.263
69.0735
65.3725
58.4913
77.3219
82.1037
73.2875
65.0473
88.7026
27.1834
76.0779
41.7252
50.6986
114.463
27.5392
77.9024
98.7142
91.7593
91.2532
60.9524
79.7743
96.2646
111.192
18.6655
20.0114
50.1992
90.5183
48.6983
114.612
58.69
92.0002
50.504
45.376
71.2185
61.1105
50.6245
81.8779
62.8806
44.9429
39.7923
77.553
91.1283
76.5518
77.2601
111.111
55.7554
101.482
77.3589
44.3879
83.7079
90.4422
62.0469
65.5499
78.9758
64.5967
18.923
73.2952
42.284
49.5189
97.5938
101.943
24.4112
92.3226
76.3925
75.5619
47.1873
69.7263
68.7224
40.1111
101.045
77.911
75.7793
50.9731
27.1329
52.3469
118.969
81.2713
88.4439
36.1483
48.4833
88.6447
77.0594
75.7762
17.594
85.3508
112.989
32.2975
28.5537
71.302
44.324
66.8589
40.3718
60.8099
0
29.6579
50.0215
90.4358
62.4033
82.8727
60.0887
70.2274
86.1473
50.5554
67.9156
73.1509
62.3605
49.2827
35.2115
123.509
64.5878
38.399
47.8929
44.7744
102.338
70.7946
21.8675
97.9993
76.2139
59.3775
67.6969
51.9389
68.007
102.087
65.2797
75.8984
59.7595
99.0763
28.6949
95.4221
87.0932
50.0374
88.2074
54.5896
54.2548
64.1116
49.8971
63.4345
94.8926
76.2351
80.6185
96.3609
80.0178
60.306
112.68
95.7752
64.65
73.9133
84.4211
90.1518
92.9204
78.2217
101.111
54.1465
62.8308
60.581
49.9935
65.9783
47.0578
38.42
77.6342
99.061
79.9445
85.4468
66.8857
54.3981
58.7562
70.1991
77.9702
53.9186
92.1437
79.2036
73.13
67.7819
38.6235
54.0914
113.592
84.6277
92.2259
20.9716
50.5477
70.532
90.5271
81.3079
30.2058
96.3496
106.22
52.5712
39.8485
61.7523
57.7869
89.693
53.5994
67.8951
29.6579
0
21.3267
90.0395
67.7351
61.6482
52.0083
69.1474
71.159
68.2552
59.5236
49.2537
33.8828
36.1267
47.5905
114.862
67.3034
15.9762
52.6129
61.359
81.9601
71.4465
33.47
107.99
50.9897
42.8953
48.9247
76.1512
72.1417
81.1914
68.9184
84.0769
42.2982
83.6843
32.5793
83.5053
93.182
61.6695
91.5488
42.4589
60.2066
70.1101
38.2532
72.4154
100.674
86.5243
74.0013
96.5718
56.6089
34.0477
106.41
73.9629
50.6749
63.2089
95.0657
91.0366
92.3118
58.6209
92.8241
52.6195
50.2415
37.3695
52.7587
53.4786
69.8199
50.9166
84.1719
78.0905
79.3117
95.4201
47.985
53.8368
76.5223
82.1117
95.2314
71.9526
98.7183
93.1852
85.2739
85.4971
58.9494
69.5223
120.99
94.5077
106.218
33.8078
66.4922
71.5067
109.232
97.2751
51.2785
113.883
113.07
71.8399
59.1377
70.6585
75.8274
108.703
72.696
80.5532
50.0215
21.3267
0
102.493
83.3246
60.0864
62.7923
80.2478
73.4281
88.5731
68.7164
44.7586
23.6954
46.7524
67.5174
119.483
80.2418
26.2997
69.0396
81.2799
79.6384
82.6463
52.5557
125.047
45.1821
48.5776
49.6849
97.312
87.59
78.366
81.413
97.324
42.1918
85.7385
51.3986
88.7412
107.85
79.7721
104.295
49.8931
77.4854
86.5399
48.077
90.1276
114.836
102.766
80.2157
108.75
52.7694
29.4281
113.009
70.4982
56.1619
70.7792
112.486
101.696
104.56
59.2965
97.6542
67.3053
58.5512
34.7881
63.64
61.2413
89.5772
70.3759
100.341
75.2529
87.0934
112.779
50.8071
65.1027
79.9084
86.1316
32.4196
67.8595
67.7964
41.3909
46.7645
98.5781
65.4938
40.5378
91.1439
120.62
66.4874
72.9126
43.9171
59.9518
51.5906
37.0684
73.6036
57.1494
85.4197
78.6218
77.9021
49.345
63.4036
111.502
56.8761
110.696
90.4358
90.0395
102.493
0
37.4153
68.3606
57.5316
86.6592
83.0561
61.6029
65.0898
85.8949
91.1719
57.3027
58.0307
102.822
88.8197
77.296
69.1025
69.5437
67.5862
94.8512
76.1019
48.1765
79.3796
56.5212
86.6255
75.3371
24.6702
71.0601
97.7159
110.849
103.619
70.9941
72.4195
35.7017
76.5255
51.3427
87.1449
84.4602
41.6696
52.2045
75.0832
35.9791
82.1725
84.4002
102.249
61.7738
75.6124
84.4429
95.5663
69.7877
77.8696
36.4603
56.5955
98.739
47.718
62.3765
102.745
47.1643
49.23
91.0172
110.804
54.2121
95.7091
66.334
22.6563
75.676
119.458
39.8939
66.0624
66.8365
69.8343
86.8825
19.3987
31.3894
88.213
55.8181
59.667
85.1753
43.6443
15.4186
111.949
116.139
79.516
49.6538
18.4026
71.9648
53.2636
48.1687
48.8636
65.8546
105.668
43.4349
60.6027
58.1735
26.7657
96.6986
24.2569
100.654
62.4033
67.7351
83.3246
37.4153
0
74.1526
58.7317
87.6836
91.5164
46.5712
69.8497
84.3552
80.6055
47.2983
36.3451
121.893
86.43
57.3431
62.0594
55.816
81.1925
93.8638
44.1965
63.9669
77.5672
46.0192
84.9325
50.9567
15.8404
84.4111
93.3392
106.155
94.6404
88.0888
55.4047
55.6777
85.543
16.5569
94.857
78.6181
34.3403
54.5438
68.401
30.7343
93.0902
85.4112
103.785
80.9296
77.7878
75.8889
112.504
78.5325
77.719
38.4424
65.3403
104.594
69.5759
67.5734
112.725
44.1806
49.6516
83.7517
97.0435
57.9312
78.2208
51.8251
29.95
88.0888
115.281
50.5668
66.3759
9.55045
79.2996
71.2429
80.9713
86.4472
52.7102
62.1577
51.9851
97.4897
68.2226
61.4256
80.8278
99.5992
78.7164
54.2529
61.0773
12.9548
92.9401
71.4238
69.9214
92.5158
71.7574
93.3675
71.7001
33.3471
86.423
121.877
78.7966
93.4268
82.8727
61.6482
60.0864
68.3606
74.1526
0
38.948
68.7826
39.3331
87.24
41.9563
25.2051
37.7944
35.9361
70.7599
80.1783
75.1163
49.5765
64.4949
83.054
22.7517
76.6109
76.8644
98.1628
17.0644
34.4631
36.8637
105.747
68.9244
20.1627
81.7189
100.15
57.704
33.1667
61.9887
41.5061
86.2555
81.2523
84.6298
48.7599
63.5194
68.1199
44.0022
74.3536
91.6001
92.1949
70.437
73.0867
9.16604
32.0225
77.4386
17.8995
38.5541
39.5044
90.9608
85.6333
66.2439
6.83862
72.2309
49.1028
27.9916
39.5069
85.9211
27.375
103.732
72.5949
77.3242
17.7089
92.093
89.2722
17.9616
37.2107
41.6813
37.8302
58.428
67.9037
41.7217
32.5672
22.8766
61.09
39.1047
45.1974
64.72
70.2375
46.0225
47.5084
43.7658
38.4136
59.592
41.2163
44.639
58.4202
57.1866
71.7483
39.106
13.6669
67.3953
84.2493
55.9647
61.8034
60.0887
52.0083
62.7923
57.5316
58.7317
38.948
0
36.692
34.1751
52.3284
11.8683
39.2717
49.9621
24.0747
40.8602
69.5689
40.6764
44.8122
26.5419
46.0833
56.3909
44.8593
58.8432
69.4636
45.0583
40.0237
31.9583
73.8839
50.5634
54.6608
48.638
66.092
47.8466
40.7954
32.3457
53.0477
51.3074
60.4762
51.5178
27.5852
32.5683
31.3637
19.8498
45.6924
58.0354
54.3084
48.0071
46.3254
41.2979
40.9736
60.6452
54.5031
21.2763
43.3071
56.7971
55.5009
42.0532
33.8398
55.644
16.3439
19.7128
39.388
59.2856
12.6237
67.2384
36.8084
54.9893
49.0909
66.0667
60.28
23.8482
69.5359
31.9404
3.73482
82.2789
90.4638
49.1085
48.2608
41.6122
43.6859
55.3639
75.4314
54.1211
35.9947
38.7891
74.1357
73.3213
68.9344
67.195
56.7698
60.1442
60.0886
50.1685
89.4354
43.1638
46.1831
90.5405
67.0177
78.1883
35.263
70.2274
69.1474
80.2478
86.6592
87.6836
68.7826
36.692
0
39.5117
60.1311
28.7817
58.8238
71.8213
57.0087
58.7138
57.248
10.1302
69.9721
27.9852
47.8726
86.9607
9.34279
79.1123
78.2908
72.7606
74.8246
42.238
82.1823
78.9159
83.4429
17.1473
32.9794
46.9659
57.9546
44.8848
87.4373
35.2987
84.6602
25.5106
31.183
54.6781
39.9798
34.8424
65.8623
39.6777
33.2876
20.5446
45.9435
69.0505
63.7115
45.3915
85.939
32.5902
79.7725
58.5787
22.0563
52.5868
65.8499
34.3541
44.9117
56.2692
52.9994
42.2316
47.8194
57.2207
44.0723
78.449
73.852
33.8472
73.2015
54.0139
44.7332
63.8128
42.781
91.1711
100.754
32.7152
55.3459
43.434
79.5478
70.6196
77.9578
50.6761
68.1634
57.5821
72.3887
76.719
39.8391
87.6348
68.0225
73.9957
81.367
42.4595
103.86
65.1322
34.7976
100.758
104.484
89.7444
69.0735
86.1473
71.159
73.4281
83.0561
91.5164
39.3331
34.1751
39.5117
0
83.6666
25.0506
33.1758
54.8814
50.9437
74.0952
46.8186
48.676
66.1727
51.6798
74.8641
54.9986
46.647
88.7958
93.0751
46.4864
62.4205
24.4439
106.197
82.4975
49.8867
54.4236
71.155
45.0072
24.9782
59.8141
68.0484
61.9959
94.4369
54.5836
33.7719
65.9055
58.3278
36.2615
77.9879
65.3239
68.5832
35.5852
53.8518
40.0052
46.8804
42.8772
55.0412
21.6014
66.8518
79.6878
51.2234
55.277
39.7536
33.0589
50.2452
44.2707
39.2933
67.137
34.2723
90.9323
66.6913
85.2818
37.9958
60.5054
87.3785
33.2925
82.1724
33.2648
57.6971
36.516
46.5003
81.0718
44.8398
50.5892
44.1822
29.7597
43.1831
94.6142
80.7114
53.761
62.4508
41.7071
85.573
27.4695
36.2019
38.803
38.0978
90.7617
45.676
35.2979
59.1041
44.4166
51.5919
33.2896
65.3725
50.5554
68.2552
88.5731
61.6029
46.5712
87.24
52.3284
60.1311
83.6666
0
58.786
87.4976
88.4588
55.8051
22.599
105.651
54.7586
66.4771
35.2043
14.7561
101.435
63.128
49.1203
49.9174
90.6056
68.6018
78.6765
24.4515
42.5263
101.83
59.9092
67.0256
82.4714
89.7602
39.2869
82.7161
53.4279
37.4023
62.9262
64.8587
25.9116
30.19
58.0531
25.6333
61.0373
45.9399
79.5661
63.1972
89.5332
81.784
93.1837
99.3695
68.362
67.7974
37.6664
73.0629
59.4235
80.8469
91.8125
38.5642
59.7808
81.0929
68.6784
61.0956
35.8361
21.5868
41.1882
99.4171
83.6542
38.8356
72.3381
42.722
42.9158
30.5566
67.8174
78.9835
33.9967
34.4742
23.2975
61.3765
48.1875
56.7653
54.6465
63.5077
41.4183
57.8186
55.3959
40.8147
63.8754
45.4549
53.5907
59.6845
47.1516
82.0012
44.5079
18.3034
78.5095
85.0924
66.7251
58.4913
67.9156
59.5236
68.7164
65.0898
69.8497
41.9563
11.8683
28.7817
25.0506
58.786
0
39.7435
54.6055
34.9709
50.2994
58.4257
35.1757
53.9954
28.9989
50.9457
59.0861
37.6168
69.2205
72.1761
49.1134
50.4091
29.1097
81.5291
60.5572
56.2445
43.3005
60.7002
46.1923
35.5135
39.5736
59.4858
46.1719
71.4199
43.6453
26.0174
41.3909
34.2294
22.5742
53.7661
51.9231
50.7957
38.4161
41.2022
44.1531
45.4605
49.4529
58.2733
17.0642
53.1844
58.0009
46.0399
40.1828
38.2484
43.8481
26.3899
29.5187
40.4427
57.938
19.8647
70.0273
42.9416
62.9052
48.3949
58.9052
64.8439
28.4516
26.3175
71.3328
61.8349
90.9557
88.368
60.1206
70.142
58.9146
86.3934
64.6293
69.5043
83.2025
83.2391
81.0337
51.0774
67.7534
36.0155
98.5188
79.6522
63.8617
97.5573
74.6313
91.905
62.7958
41.9711
89.6897
112.503
81.6063
77.3219
73.1509
49.2537
44.7586
85.8949
84.3552
25.2051
39.2717
58.8238
33.1758
87.4976
39.7435
0
22.9796
37.7559
70.372
79.6573
64.4063
43.0818
58.6045
79.584
46.7598
64.5237
73.5353
107.867
18.4291
43.3513
17.5516
105.545
80.6736
42.7506
68.6489
87.0197
34.3524
43.375
54.0875
64.8392
85.3704
86.8092
80.0872
32.5974
68.461
70.4327
32.2966
81.8019
90.7512
87.4774
55.6102
78.8922
18.1113
16.8677
75.9503
40.7743
26.5986
57.0299
95.915
77.1256
75.7836
27.2972
63.4291
52.582
37.5874
16.6901
67.215
33.9202
95.0624
68.5953
89.3116
34.6434
74.3032
98.5572
19.9527
33.1547
75.607
74.2871
91.1417
78.3649
80.1458
81.4117
71.8524
88.7018
60.9575
65.9575
104.058
92.4732
95.1681
37.4295
63.6888
50.0256
104.221
88.0249
56.8326
106.613
95.5943
81.2479
61.5627
54.7852
80.8282
113.846
75.4174
82.1037
62.3605
33.8828
23.6954
91.1719
80.6055
37.7944
49.9621
71.8213
54.8814
88.4588
54.6055
22.9796
0
36.9636
67.9974
101.697
74.6975
28.6753
64.511
81.4003
57.6714
76.2565
61.6702
116.566
22.2854
37.9789
33.7779
102.053
81.3425
55.6791
77.7834
95.6296
37.5897
64.3025
52.1155
71.8168
98.7173
81.1564
94.7983
41.1828
71.7026
78.8139
38.9644
84.8044
105.13
97.5867
70.6028
94.9257
29.713
9.18761
96.8129
48.8772
41.7661
58.1103
105.08
92.4387
90.3436
38.3472
83.2621
58.3335
43.8767
20.8214
68.0566
45.17
94.7877
69.8225
93.0175
51.9098
84.0369
105.357
31.6676
28.6956
52.6405
58.0717
54.8719
52.6436
62.4276
48.866
42.2867
70.2117
33.0778
32.0791
87.9945
86.0023
67.6637
25.2732
30.0749
39.862
68.7215
52.8192
34.734
72.8051
80.0396
58.1486
40.3915
28.5733
53.0855
92.5689
44.6238
73.2875
49.2827
36.1267
46.7524
57.3027
47.2983
35.9361
24.0747
57.0087
50.9437
55.8051
34.9709
37.7559
36.9636
0
36.2371
91.9457
58.6981
24.0191
39.358
52.2661
53.7006
63.578
42.3002
80.8687
35.5302
18.4587
38.7928
71.5365
45.3464
53.7442
64.9457
82.3766
50.3135
54.8692
29.917
49.3296
72.7577
49.1419
74.1816
36.3582
35.5811
46.4791
26.4203
48.0763
80.1313
72.8385
66.3348
68.1207
36.1806
30.1624
84.025
48.349
34.635
31.233
71.392
77.7305
60.8495
30.1866
77.2119
23.9542
14.6505
36.864
65.3664
20.9402
72.6808
41.1731
56.2385
52.1924
81.1932
69.012
22.1804
64.3203
35.348
57.4972
36.2772
32.729
77.8329
46.5183
47.8497
49.5807
10.0861
27.1097
96.8343
81.9974
61.6468
39.8719
24.1774
71.4099
44.4597
41.7584
19.5572
53.8301
91.1601
34.0243
25.0712
48.6268
32.1311
64.5917
19.6951
65.0473
35.2115
47.5905
67.5174
58.0307
36.3451
70.7599
40.8602
58.7138
74.0952
22.599
50.2994
70.372
67.9974
36.2371
0
105.245
54.8806
44.3051
30.7813
23.4129
86.3427
62.7691
29.7861
63.8176
71.5615
48.2077
64.4004
35.5177
36.1966
86.9166
60.1693
72.1009
68.1868
80.4877
23.2645
70.885
63.3098
27.3072
69.4603
52.1906
20.1604
34.381
43.7192
28.2844
71.486
57.3654
75.268
68.2533
71.9197
62.138
93.9649
82.6173
56.1152
52.1612
52.9197
76.8
62.4001
64.4636
89.3434
27.3506
43.7984
63.8352
62.2027
47.348
44.5529
17.0242
43.1186
85.1923
81.9532
50.7952
55.7414
86.9384
86.5338
58.9317
114.923
135.803
36.0471
69.7527
62.5907
99.1441
104.429
111.394
17.5638
77.9402
57.0027
115.445
110.908
74.8205
99.2475
82.6195
110.531
86.2842
18.1835
138.648
97.1795
67.0356
134.593
118.384
122.228
88.7026
123.509
114.862
119.483
102.822
121.893
80.1783
69.5689
57.248
46.8186
105.651
58.4257
79.6573
101.697
91.9457
105.245
0
66.4948
110.506
78.8288
97.8691
86.9274
62.0588
127.3
96.7388
91.3764
103.946
69.9443
130.008
108.83
82.1442
71.4893
79.7906
85.4021
49.0621
95.5278
94.9658
60.3029
125.643
51.5646
73.749
92.2738
76.4611
76.9868
100.039
57.4861
73.6118
53.3696
50.1599
83.5659
93.6355
13.562
91.4378
64.4215
101.186
84.9612
48.5234
59.487
80.394
29.374
81.2618
82.4717
85.1319
95.7557
72.3821
111.785
94.4308
104.801
71.7341
74.2179
97.8214
77.3551
74.7713
24.0569
7.83597
80.66
86.4829
57.913
50.9422
46.0387
33.6687
51.2862
74.6205
62.4216
31.8093
41.3569
73.2618
72.2371
75.7828
64.3917
57.2759
55.8261
58.4947
59.0615
84.1769
37.4209
51.5363
86.7609
57.171
74.5708
27.1834
64.5878
67.3034
80.2418
88.8197
86.43
75.1163
40.6764
10.1302
48.676
54.7586
35.1757
64.4063
74.6975
58.6981
54.8806
66.4948
0
69.7243
24.6545
41.4699
93.9604
8.39452
75.1402
77.8275
77.8737
77.0346
47.8413
75.536
78.6451
90.8035
9.43881
25.6243
48.7492
66.9433
41.3792
92.4253
35.7827
81.589
27.7639
33.8798
53.4952
39.3015
36.9821
64.2881
40.7947
28.4691
26.8785
50.9288
75.0211
66.9921
54.2088
92.3484
38.4978
82.7777
57.1023
25.6214
57.2192
71.7051
43.4671
45.9376
59.9722
56.4705
36.2542
52.7079
47.7323
38.9449
78.1945
81.7807
31.9791
72.272
59.1573
41.2807
61.5133
71.1493
69.0985
49.991
84.2394
71.327
65.1665
74.395
37.4882
43.2545
108.473
91.5291
87.9599
9.46022
40.2574
57.8462
85.5776
73.6796
31.9625
91.6337
100.577
52.7
43.6187
51.8285
52.8527
96.4506
48.4542
76.0779
38.399
15.9762
26.2997
77.296
57.3431
49.5765
44.8122
69.9721
66.1727
66.4771
53.9954
43.0818
28.6753
24.0191
44.3051
110.506
69.7243
0
52.089
61.8322
68.2505
74.219
33.1885
100.865
40.2088
27.0761
46.356
76.1877
61.3408
68.2486
73.3384
89.9073
47.6981
74.3089
33.7967
68.4179
90.9774
54.8123
90.7985
43.183
53.076
65.334
36.2152
64.9038
98.5576
87.18
76.1829
90.2914
45.6624
27.5273
102.692
60.2772
47.2628
48.007
90.3211
91.9613
84.113
45.9908
91.6994
44.7751
37.8416
36.2712
63.0876
43.2104
75.8427
50.6805
74.4057
66.9052
86.0298
88.1138
37.6996
61.566
15.1818
26.7554
57.811
62.8245
58.208
37.8726
34.5815
35.0057
28.2187
50.2942
72.1456
54.3732
41.7497
53.3358
47.8383
64.9375
49.1999
41.0483
34.9197
48.8615
67.0257
62.1522
19.9459
38.3844
62.7503
57.7485
50.3702
41.7252
47.8929
52.6129
69.0396
69.1025
62.0594
64.4949
26.5419
27.9852
51.6798
35.2043
28.9989
58.6045
64.511
39.358
30.7813
78.8288
24.6545
52.089
0
23.6796
82.7955
32.3233
53.4257
65.4839
67.1139
57.4153
46.2065
56.6464
55.5309
81.144
31.3478
45.9057
50.5812
64.2339
21.489
75.5223
40.9827
57.1738
41.9475
31.4776
30.4159
23.4114
27.1315
42.558
48.7106
35.1074
45.5658
50.0238
65.2285
56.7007
66.9408
80.3489
35.578
62.436
47.4314
46.747
50.0021
59.46
60.0564
24.5007
42.5673
51.3755
43.3081
38.7289
41.2573
16.6895
57.3706
75.0639
53.8448
56.395
47.5486
78.5698
18.743
45.4191
48.3387
52.5696
76.3216
45.1526
47.9947
30.8342
25.7183
48.6231
88.4476
66.4478
49.76
59.7069
46.3262
82.6538
36.7901
40.6367
33.9016
42.2366
84.5484
49.8431
23.7339
55.5019
51.8477
44.0214
40.1217
50.6986
44.7744
61.359
81.2799
69.5437
55.816
83.054
46.0833
47.8726
74.8641
14.7561
50.9457
79.584
81.4003
52.2661
23.4129
97.8691
41.4699
61.8322
23.6796
0
99.5968
49.8498
48.979
58.1915
85.3322
67.7497
68.7959
34.3132
51.4767
99.0911
45.8289
53.4788
70.4225
84.6335
30.1861
85.5007
47.4414
46.6171
53.812
53.5434
29.2042
27.6583
48.2593
35.0109
55.2211
37.1028
66.689
60.4774
84.3315
74.5863
85.1683
97.0902
58.7059
70.3915
41.4232
61.8408
59.1676
77.1755
81.0544
35.8085
57.222
71.5581
54.3614
56.6673
26.4503
11.6286
51.4797
94.9561
69.2193
48.2715
66.6893
27.7087
97.9518
89.2313
87.9455
99.0986
58.42
70.9759
62.4875
117.112
85.7208
71.5386
87.0014
119.553
89.3475
71.1876
72.3588
18.3178
102.506
79.8239
88.4226
101.849
78.1912
108.058
91.449
46.4745
98.2142
140.355
91.623
114.463
102.338
81.9601
79.6384
67.5862
81.1925
22.7517
56.3909
86.9607
54.9986
101.435
59.0861
46.7598
57.6714
53.7006
86.3427
86.9274
93.9604
68.2505
82.7955
99.5968
0
95.463
93.1438
103.29
35.5155
46.9689
58.6336
119.668
75.1113
6.53952
101.35
119.342
80.1489
38.3399
81.7565
33.5227
98.7909
91.8509
98.8247
70.7009
75.969
81.2677
65.5573
83.9395
103.411
107.617
89.17
80.6746
29.606
53.4767
86.5302
10.0907
59.3935
42.9275
100.423
101.38
71.9452
25.4099
86.1621
63.9413
43.0886
61.9966
108.138
44.0795
122.396
89.9719
82.4344
19.3716
112.365
95.7122
39.6135
77.1288
32.2085
9.08191
88.3595
94.137
57.7466
56.3125
50.4583
39.5179
58.7618
81.6777
59.7969
26.753
44.7938
78.5468
79.3149
77.5365
71.799
63.7946
62.7144
64.8068
56.7674
91.8186
44.5319
55.1137
94.5458
62.548
82.4244
27.5392
70.7946
71.4465
82.6463
94.8512
93.8638
76.6109
44.8593
9.34279
46.647
63.128
37.6168
64.5237
76.2565
63.578
62.7691
62.0588
8.39452
74.219
32.3233
49.8498
95.463
0
81.996
84.0341
79.2948
81.6776
47.3241
83.8585
85.824
91.811
9.55175
24.6081
47.6962
66.5269
47.9246
96.4154
39.0217
89.4716
27.8263
35.0914
60.9565
46.3302
40.1206
71.922
42.7046
33.401
19.8668
53.3366
76.1735
68.6961
50.2865
94.0439
39.1194
87.852
63.4063
21.0279
60.8452
73.8587
37.2651
52.2333
64.2442
56.8991
37.0575
56.1628
54.65
47.1014
85.3399
81.9167
25.6614
79.1736
61.4069
68.3314
56.9166
78.7001
54.8265
21.2499
99.8091
73.6466
72.6447
65.8441
25.928
35.8011
121.432
97.2933
90.0492
25.9728
32.3298
81.5002
72.7377
69.9343
19.3646
83.4374
114.817
19.7231
38.6018
66.8101
25.8056
80.4344
24.9945
77.9024
21.8675
33.47
52.5557
76.1019
44.1965
76.8644
58.8432
79.1123
88.7958
49.1203
69.2205
73.5353
61.6702
42.3002
29.7861
127.3
75.1402
33.1885
53.4257
48.979
93.1438
81.996
0
91.7854
71.4614
46.9662
72.0272
49.0262
53.0987
94.2353
78.2447
90.6602
70.3377
96.4174
34.341
81.8823
91.4009
33.0847
95.1664
62.0069
47.2553
63.1995
54.2837
54.2611
99.5607
83.8201
91.2409
95.7692
75.3656
59.681
117.045
86.6659
68.4455
59.229
82.5855
99.5853
89.2165
71.5489
108.539
49.5961
55.3172
64.9299
68.2978
61.6042
59.8136
41.9341
65.3716
93.9575
95.5346
78.1485
63.4168
96.4047
68.7681
75.9892
45.4073
83.9909
72.1066
38.4335
50.4793
82.3622
72.3285
66.4633
80.5897
105.637
44.9106
97.373
67.9304
89.991
22.8559
28.6155
82.7922
20.9818
79.1723
88.9033
77.8994
66.8356
79.5166
86.4788
69.9008
98.7142
97.9993
107.99
125.047
48.1765
63.9669
98.1628
69.4636
78.2908
93.0751
49.9174
72.1761
107.867
116.566
80.8687
63.8176
96.7388
77.8275
100.865
65.4839
58.1915
103.29
84.0341
91.7854
0
109.122
89.904
100.508
65.0874
50.5412
104.369
85.7248
91.4406
113.411
88.2132
78.7973
78.0236
50.971
67.2263
66.3979
92.2356
48.0629
42.6712
85.5843
38.2295
54.3945
58.5946
97.6014
46.8751
104.418
108.294
86.3845
106.014
88.4466
76.5734
21.8653
81.6116
41.0846
92.1422
97.2946
58.6141
75.0514
108.425
106.715
74.5988
78.7864
62.8673
35.0848
103.668
108.93
13.9634
89.6244
14.642
80.8082
75.3656
87.023
83.9917
66.741
73.1261
63.025
97.1807
67.0562
63.8361
93.3484
99.6337
89.0467
46.5348
62.7196
29.896
100.849
81.2464
66.139
101.892
84.3855
89.7235
69.9051
44.1412
85.0636
122.25
78.7314
91.7593
76.2139
50.9897
45.1821
79.3796
77.5672
17.0644
45.0583
72.7606
46.4864
90.6056
49.1134
18.4291
22.2854
35.5302
71.5615
91.3764
77.8737
40.2088
67.1139
85.3322
35.5155
79.2948
71.4614
109.122
0
32.6607
34.5996
106.926
75.4526
33.4429
83.0511
101.644
50.0791
47.6909
59.7696
54.1815
95.0359
82.4072
92.2721
46.6856
69.0924
75.5459
42.8169
81.0556
100.899
98.0602
72.551
85.5335
8.99761
19.3118
88.1321
27.0202
40.384
46.3315
100.331
91.5982
79.4517
19.718
78.86
54.7599
34.5676
30.568
81.1008
35.6179
103.351
74.0288
85.9958
31.1042
91.3571
98.9943
21.3414
25.1512
70.4324
76.0414
58.4654
54.2419
72.3942
60.5133
54.7852
87.6826
46.4771
33.2104
100.359
104.053
82.4222
26.0825
32.5132
38.9545
79.8596
63.4419
46.7092
85.46
91.9637
62.5243
56.9382
39.382
54.5586
109.007
49.6389
91.2532
59.3775
42.8953
48.5776
56.5212
46.0192
34.4631
40.0237
74.8246
62.4205
68.6018
50.4091
43.3513
37.9789
18.4587
48.2077
103.946
77.0346
27.0761
57.4153
67.7497
46.9689
81.6776
46.9662
89.904
32.6607
0
50.848
81.2497
47.1459
48.8479
83.3173
100.827
63.1441
60.9372
46.3832
42.1858
88.8715
51.6706
91.1656
52.6191
47.1658
61.3651
43.4954
56.6771
96.0943
90.2323
82.8895
80.8584
35.1152
34.2168
97.4773
40.2589
49.4461
22.3332
84.1616
95.0977
71.4476
29.4471
91.8886
38.7737
22.6185
46.484
81.9997
32.178
88.6085
57.1943
60.6243
51.5414
98.7031
77.7395
29.565
37.9814
57.6987
45.4013
88.4286
87.4362
53.8615
62.8894
51.6382
71.8122
58.2445
69.8407
73.0392
65.8438
69.1144
54.1099
67.6755
44.0001
90.016
72.7909
58.4239
87.5686
65.1908
89.1799
52.354
38.7563
88.6836
98.229
79.0169
60.9524
67.6969
48.9247
49.6849
86.6255
84.9325
36.8637
31.9583
42.238
24.4439
78.6765
29.1097
17.5516
33.7779
38.7928
64.4004
69.9443
47.8413
46.356
46.2065
68.7959
58.6336
47.3241
72.0272
100.508
34.5996
50.848
0
98.0593
79.8437
54.3846
51.6091
69.8126
23.6379
43.3481
45.6815
71.6701
71.679
85.2395
64.8416
17.4904
62.7481
60.5628
21.2344
76.6614
76.8455
72.5195
38.5253
69.0662
32.7368
26.3024
64.3539
54.3874
12.4758
63.0881
85.9061
60.6793
68.5692
36.8163
49.554
46.7731
39.3193
15.2202
52.751
32.4932
82.2684
58.6636
86.396
44.4809
57.1256
91.9512
24.6565
99.3138
51.9302
79.7139
44.0208
40.602
105.137
68.007
74.1713
55.7659
41.5814
52.3504
118.928
97.4914
77.4339
70.2186
50.9241
105.149
43.6712
57.6469
46.5484
57.4659
115.203
36.2518
49.3643
80.7936
38.8543
54.5897
34.0577
79.7743
51.9389
76.1512
97.312
75.3371
50.9567
105.747
73.8839
82.1823
106.197
24.4515
81.5291
105.545
102.053
71.5365
35.5177
130.008
75.536
76.1877
56.6464
34.3132
119.668
83.8585
49.0262
65.0874
106.926
81.2497
98.0593
0
53.4018
120.755
78.9228
83.5949
98.5614
112.453
53.9624
98.9691
76.2092
36.9667
85.6935
83.7333
45.9301
54.5413
76.87
42.2641
83.3656
66.4531
100.74
87.0447
107.343
96.8776
117.433
116.617
89.0709
81.7231
57.557
95.1673
82.6074
99.2618
115.091
59.4693
78.1426
97.6617
81.3542
81.4614
41.2254
40.5879
54.023
119.575
101.217
54.464
91.0762
63.1344
64.4824
78.0351
13.1085
43.8308
75.0103
41.5489
46.6404
81.6036
44.4234
19.3836
97.9512
109.623
66.0391
55.397
22.523
64.4918
42.6888
33.8518
52.1138
53.2556
92.0056
54.066
59.1745
48.1177
39.3785
93.8674
32.2918
96.2646
68.007
72.1417
87.59
24.6702
15.8404
68.9244
50.5634
78.9159
82.4975
42.5263
60.5572
80.6736
81.3425
45.3464
36.1966
108.83
78.6451
61.3408
55.5309
51.4767
75.1113
85.824
53.0987
50.5412
75.4526
47.1459
79.8437
53.4018
0
77.9343
86.4625
99.233
92.1791
77.4352
54.3163
47.944
73.2064
27.0047
83.3111
73.9393
25.4615
43.3143
63.9458
19.9083
80.3508
75.6218
95.7032
66.3489
73.8675
75.191
99.5418
74.1186
71.1732
34.9904
52.6573
94.057
54.4735
62.1735
102.036
35.8755
43.6376
81.4948
94.8953
50.2407
76.4765
48.0541
15.9966
80.8348
108.996
37.5109
61.3609
27.0358
96.2339
85.8895
90.571
101.304
55.2088
70.73
61.4741
115.131
85.7875
73.9731
83.2069
115.454
87.56
71.9497
74.5226
16.6111
103.253
80.3974
88.3937
101.816
74.3332
109.655
90.2756
45.268
100.599
138.879
93.4758
111.192
102.087
81.1914
78.366
71.0601
84.4111
20.1627
54.6608
83.4429
49.8867
101.83
56.2445
42.7506
55.6791
53.7442
86.9166
82.1442
90.8035
68.2486
81.144
99.0911
6.53952
91.811
94.2353
104.369
33.4429
48.8479
54.3846
120.755
77.9343
0
97.9753
115.959
76.2067
33.8286
80.7745
38.2269
96.661
94.2997
95.7444
67.3384
76.7085
80.6367
62.9931
85.4083
101.066
105.496
84.4891
78.9516
26.6374
51.2302
82.1194
11.9578
55.6784
46.574
100.339
97.4924
71.2181
24.0411
81.0246
63.7343
43.1754
58.5287
104.963
42.7354
121.265
89.3799
84.8746
13.0867
107.964
97.0273
37.3795
81.2637
27.3094
15.8091
88.0181
90.7426
66.1766
60.2222
55.4307
30.9669
55.6502
81.3997
68.7301
23.2134
49.5868
77.2572
78.7586
83.3506
71.3808
65.9855
58.9228
65.8334
65.8901
87.1793
39.9714
60.0843
91.4619
54.458
79.7035
18.6655
65.2797
68.9184
81.413
97.7159
93.3392
81.7189
48.638
17.1473
54.4236
59.9092
43.3005
68.6489
77.7834
64.9457
60.1693
71.4893
9.43881
73.3384
31.3478
45.8289
101.35
9.55175
78.2447
85.7248
83.0511
83.3173
51.6091
78.9228
86.4625
97.9753
0
18.614
48.3233
74.4487
45.1413
101.06
42.6415
87.3133
33.3248
37.171
61.1318
47.7835
41.853
71.9121
46.8559
32.7537
27.0407
59.6363
80.7981
70.7212
59.5619
99.2646
43.9126
90.6167
64.5385
27.9583
66.4967
78.6361
46.4917
53.9636
67.5167
59.0761
30.2897
60.456
46.8546
43.9059
86.4015
88.5299
24.3293
80.2425
65.5023
99.7483
36.8063
30.8172
98.8062
101.964
79.6682
72.2867
69.5771
30.6721
68.4118
95.5642
76.3573
17.462
56.7421
93.2192
92.95
101.241
77.1327
76.4174
71.7415
70.5713
75.5683
96.8514
52.3832
77.0108
102.604
46.6117
91.1248
20.0114
75.8984
84.0769
97.324
110.849
106.155
100.15
66.092
32.9794
71.155
67.0256
60.7002
87.0197
95.6296
82.3766
72.1009
79.7906
25.6243
89.9073
45.9057
53.4788
119.342
24.6081
90.6602
91.4406
101.644
100.827
69.8126
83.5949
99.233
115.959
18.614
0
64.3199
90.7476
59.8237
117.6
46.6555
98.6997
37.513
55.5168
73.8501
58.9457
60.1876
82.63
48.8805
33.2521
40.1075
68.6729
99.3787
88.9008
67.6549
117.607
62.4059
107.339
69.5878
31.7897
77.4847
96.9892
56.4089
69.4934
85.1004
76.9528
38.5506
78.2354
46.7124
55.1687
97.3497
106.37
26.776
87.7355
84.0175
56.6564
57.0061
49.6789
98.8993
89.1383
74.5369
78.3694
68.5766
65.1504
59.6256
79.3832
89.2433
57.4511
81.4921
56.1636
76.3483
66.413
99.169
86.2324
56.584
97.9348
82.5624
87.5461
49.4938
58.3374
91.631
91.4953
82.9726
50.1992
59.7595
42.2982
42.1918
103.619
94.6404
57.704
47.8466
46.9659
45.0072
82.4714
46.1923
34.3524
37.5897
50.3135
68.1868
85.4021
48.7492
47.6981
50.5812
70.4225
80.1489
47.6962
70.3377
113.411
50.0791
63.1441
23.6379
98.5614
92.1791
76.2067
48.3233
64.3199
0
66.641
45.4346
92.0574
80.8083
91.0076
72.3831
21.3576
72.8564
71.0164
29.2157
87.1185
86.1194
76.3499
40.3035
84.9752
51.6947
34.1732
78.7523
74.4208
30.3465
79.5403
96.3683
65.4885
86.0867
57.452
59.6089
59.18
56.5417
19.6073
36.7985
51.6802
76.5146
60.9069
99.5395
66.8997
48.0731
104.174
44.2673
40.7973
78.1658
60.405
87.6523
104.41
23.5881
52.4265
41.6642
96.4386
79.5625
76.723
49.904
90.4486
60.6746
78.7779
76.7198
26.212
88.036
65.3732
84.4124
81.8985
40.9195
110.404
79.0138
32.2899
103.358
119.672
92.9853
90.5183
99.0763
83.6843
85.7385
70.9941
88.0888
33.1667
40.7954
57.9546
24.9782
89.7602
35.5135
43.375
64.3025
54.8692
80.4877
49.0621
66.9433
74.3089
64.2339
84.6335
38.3399
66.5269
96.4174
88.2132
47.6909
60.9372
43.3481
112.453
77.4352
33.8286
74.4487
90.7476
66.641
0
72.286
51.137
69.0822
95.2246
66.1104
53.4765
67.5612
62.5173
51.7299
76.9319
71.9973
80.1188
58.7938
51.5371
38.8548
56.5606
48.3092
42.5849
39.8055
57.9436
80.3246
67.3076
48.6254
33.8607
49.8983
53.5171
42.7325
55.3751
89.2395
34.9207
105.307
76.8074
79.3144
24.6195
83.993
83.5478
36.7985
56.454
27.9533
44.6557
57.6123
48.4713
72.4979
52.1171
48.2693
41.9525
14.5526
42.0592
90.6093
65.6544
62.2607
34.468
38.5437
65.7103
60.5122
53.2345
15.6447
64.933
84.4353
46.9899
10.7894
44.57
49.9964
64.3648
39.6645
48.6983
28.6949
32.5793
51.3986
72.4195
55.4047
61.9887
32.3457
44.8848
59.8141
39.2869
39.5736
54.0875
52.1155
29.917
23.2645
95.5278
41.3792
33.7967
21.489
30.1861
81.7565
47.9246
34.341
78.7973
59.7696
46.3832
45.6815
53.9624
54.3163
80.7745
45.1413
59.8237
45.4346
72.286
0
75.6282
62.3403
48.2739
63.0072
31.5392
34.0087
39.4432
24.9008
46.9121
70.1565
55.122
57.4263
68.955
60.7655
46.1814
84.7816
76.9297
39.1924
57.5229
63.6594
65.782
66.0771
56.9483
75.0284
28.5179
40.1571
44.0947
41.9445
40.4963
44.2648
19.143
61.5834
76.2705
63.4463
67.2317
44.5505
40.1765
89.85
88.4347
60.4848
80.8808
59.7816
54.238
51.0869
109.855
74.0576
50.8601
88.635
122.629
78.2772
67.1064
53.215
32.5153
79.412
58.507
79.2852
81.5537
80.8205
91.832
84.3548
41.3714
78.3353
128.965
72.2626
114.612
95.4221
83.5053
88.7412
35.7017
55.6777
41.5061
53.0477
87.4373
68.0484
82.7161
59.4858
64.8392
71.8168
49.3296
70.885
94.9658
92.4253
68.4179
75.5223
85.5007
33.5227
96.4154
81.8823
78.0236
54.1815
42.1858
71.6701
98.9691
47.944
38.2269
101.06
117.6
92.0574
51.137
75.6282
0
88.9375
69.5119
94.295
76.7349
57.2289
66.4462
68.3793
60.293
94.2792
98.0002
96.8991
70.2081
49.6809
66.1732
91.2136
36.7055
67.0516
23.044
80.4473
101.667
57.4068
37.6193
95.4036
51.778
37.7095
75.2789
110.864
42.8217
111.122
77.9883
54.0176
46.3817
118.17
70.0726
48.0939
86.9365
41.7644
32.601
72.9869
95.2058
49.9003
36.305
38.4454
53.2179
65.5383
78.2789
47.6001
58.6118
12.2227
92.0264
77.4522
81.3657
46.0272
41.1238
74.2301
32.7159
47.3902
95.64
58.9992
54.9252
93.3259
65.3958
80.547
58.69
87.0932
93.182
107.85
76.5255
85.543
86.2555
51.3074
35.2987
61.9959
53.4279
46.1719
85.3704
98.7173
72.7577
63.3098
60.3029
35.7827
90.9774
40.9827
47.4414
98.7909
39.0217
91.4009
50.971
95.0359
88.8715
71.679
76.2092
73.2064
96.661
42.6415
46.6555
80.8083
69.0822
62.3403
88.9375
0
84.1084
15.7931
61.8244
52.2983
31.5403
60.7152
56.2931
8.18771
18.4835
52.7305
25.9896
89.8446
89.8581
47.0854
100.413
59.7115
85.2755
31.5786
31.237
36.1242
81.9197
52.914
51.055
68.3633
82.9019
70.9729
61.6175
60.5761
50.2652
65.6337
89.6678
62.201
51.256
73.8997
73.5309
61.9348
83.5045
24.4642
18.0063
94.2198
59.9943
63.8627
74.5545
34.4671
20.3346
115.917
109.238
80.3297
46.7044
20.1818
80.7625
51.478
51.5314
38.7466
65.3611
110.019
28.0875
51.5042
63.5285
13.017
84.299
9.88809
92.0002
50.0374
61.6695
79.7721
51.3427
16.5569
81.2523
60.4762
84.6602
94.4369
37.4023
71.4199
86.8092
81.1564
49.1419
27.3072
125.643
81.589
54.8123
57.1738
46.6171
91.8509
89.4716
33.0847
67.2263
82.4072
51.6706
85.2395
36.9667
27.0047
94.2997
87.3133
98.6997
91.0076
95.2246
48.2739
69.5119
84.1084
0
92.9092
76.0573
33.9431
53.5571
66.4571
31.7842
91.9942
80.4316
101.23
84.5719
83.4996
76.7755
115.154
88.2141
77.9939
50.2235
64.9136
101.996
75.2336
74.6846
113.223
45.3294
55.2046
82.9698
88.2349
62.4837
65.6819
43.7382
37.8362
96.287
109.219
53.442
70.3947
86.2163
42.6053
23.3412
84.4909
102.151
48.4351
45.7689
43.7986
52.2036
69.4624
85.5647
42.5602
46.2141
23.4384
93.398
84.2687
81.1679
60.3086
53.2167
76.723
48.1306
42.4477
101.741
59.707
56.6661
101.014
67.7299
88.1474
50.504
88.2074
91.5488
104.295
87.1449
94.857
84.6298
51.5178
25.5106
54.5836
62.9262
43.6453
80.0872
94.7983
74.1816
69.4603
51.5646
27.7639
90.7985
41.9475
53.812
98.8247
27.8263
95.1664
66.3979
92.2721
91.1656
64.8416
85.6935
83.3111
95.7444
33.3248
37.513
72.3831
66.1104
63.0072
94.295
15.7931
92.9092
0
55.6204
60.6633
40.5441
57.1296
67.438
15.9931
22.4141
39.4379
33.1661
87.1048
86.141
38.0374
100.038
54.0141
90.4846
46.906
15.5158
44.8375
81.2303
39.584
55.6352
70.357
76.9299
63.3525
62.0902
63.4527
54.7527
77.827
86.9809
48.995
65.8037
72.0399
47.5109
41.1875
33.6295
80.4231
77.7388
57.5386
57.066
47.5645
54.4894
45.3357
63.7357
74.0699
53.807
61.3519
49.7247
61.0293
54.2349
78.9113
65.08
45.7679
77.2156
67.2042
77.6167
36.28
39.3081
79.1287
80.9497
68.7635
45.376
54.5896
42.4589
49.8931
84.4602
78.6181
48.7599
27.5852
31.183
33.7719
64.8587
26.0174
32.5974
41.1828
36.3582
52.1906
73.749
33.8798
43.183
31.4776
53.5434
70.7009
35.0914
62.0069
92.2356
46.6856
52.6191
17.4904
83.7333
73.9393
67.3384
37.171
55.5168
21.3576
53.4765
31.5392
76.7349
61.8244
76.0573
55.6204
0
53.341
50.0859
10.3808
67.4891
67.7613
59.1151
33.0362
64.82
45.7979
33.7662
65.2857
66.4941
13.6784
64.8651
75.6191
52.2842
65.2726
46.5127
50.3764
39.2175
40.368
22.6837
37.7379
34.2018
65.0003
43.9065
79.7119
58.5908
46.7947
83.2802
32.258
58.7304
39.4838
53.5101
28.1535
46.603
62.3127
27.6738
31.0394
57.7136
27.2064
26.2921
82.1785
84.2455
47.4249
49.7464
25.6578
60.6938
33.3859
22.822
37.2151
40.3327
76.5501
51.5919
37.1163
35.8237
44.0858
72.9715
31.6837
71.2185
54.2548
60.2066
77.4854
41.6696
34.3403
63.5194
32.5683
54.6781
65.9055
25.9116
41.3909
68.461
71.7026
35.5811
20.1604
92.2738
53.4952
53.076
30.4159
29.2042
75.969
60.9565
47.2553
48.0629
69.0924
47.1658
62.7481
45.9301
25.4615
76.7085
61.1318
73.8501
72.8564
67.5612
34.0087
57.2289
52.2983
33.9431
60.6633
53.341
0
20.7814
44.384
14.3048
60.1564
52.2163
72.4688
51.4606
67.0681
64.3003
81.472
74.4248
52.4884
43.3382
39.227
70.435
43.5905
56.8889
81.245
16.4404
35.8012
66.1306
71.4082
38.2032
55.4337
24.6648
28.1433
75.3886
84.0469
35.3548
50.709
65.8906
31.1198
38.1448
44.3734
65.3134
51.1731
18.0034
22.1019
49.7707
38.5405
46.784
65.3153
70.2855
27.5223
64.4234
45.9972
64.14
30.049
18.5287
48.4623
28.0658
60.9444
67.8003
39.213
35.6283
63.185
65.4961
50.3851
61.1105
64.1116
70.1101
86.5399
52.2045
54.5438
68.1199
31.3637
39.9798
58.3278
30.19
34.2294
70.4327
78.8139
46.4791
34.381
76.4611
39.3015
65.334
23.4114
27.6583
81.2677
46.3302
63.1995
42.6712
75.5459
61.3651
60.5628
54.5413
43.3143
80.6367
47.7835
58.9457
71.0164
62.5173
39.4432
66.4462
31.5403
53.5571
40.5441
50.0859
20.7814
0
43.9988
27.3341
39.4327
33.6271
59.5193
34.6062
71.851
70.3543
64.5466
81.1785
48.4587
57.6717
26.515
51.8245
31.6027
62.2872
66.0123
22.7878
43.8444
67.9311
66.0788
40.9478
51.7148
26.6699
39.4972
76.55
71.2483
34.4073
54.6562
41.354
39.1712
36.6651
70.8265
68.866
55.9684
50.579
41.5745
54.8804
37.4478
53.4604
75.4518
61.0385
58.9106
41.7339
50.8267
48.841
72.146
57.721
38.684
71.8877
68.2239
69.8585
31.8494
32.1635
69.9727
80.54
59.5746
50.6245
49.8971
38.2532
48.077
75.0832
68.401
44.0022
19.8498
34.8424
36.2615
58.0531
22.5742
32.2966
38.9644
26.4203
43.7192
76.9868
36.9821
36.2152
27.1315
48.2593
65.5573
40.1206
54.2837
85.5843
42.8169
43.4954
21.2344
76.87
63.9458
62.9931
41.853
60.1876
29.2157
51.7299
24.9008
68.3793
60.7152
66.4571
57.1296
10.3808
44.384
43.9988
0
58.6541
67.3572
58.66
41.1448
61.9388
42.0236
30.8471
68.2054
61.2177
14.8102
55.2225
70.3072
56.5595
60.3294
40.5699
56.2637
30.0067
31.1855
24.5098
43.3706
26.3775
63.0589
37.7029
70.4927
55.8224
55.231
75.7969
26.2852
69.6189
48.9677
64.2589
17.1201
47.8429
69.5992
31.0634
38.646
65.3947
37.5688
29.6369
88.0932
94.6777
50.9296
60.2528
30.4288
69.9969
24.5639
20.1942
47.4608
35.4644
83.2479
53.8656
48.6187
46.4899
43.9316
76.1599
33.0843
81.8779
63.4345
72.4154
90.1276
35.9791
30.7343
74.3536
45.6924
65.8623
77.9879
25.6333
53.7661
81.8019
84.8044
48.0763
28.2844
100.039
64.2881
64.9038
42.558
35.0109
83.9395
71.922
54.2611
38.2295
81.0556
56.6771
76.6614
42.2641
19.9083
85.4083
71.9121
82.63
87.1185
76.9319
46.9121
60.293
56.2931
31.7842
67.438
67.4891
14.3048
27.3341
58.6541
0
63.6038
57.1515
84.6372
54.664
78.7882
77.6363
89.2053
83.2858
66.1746
48.5178
34.8429
79.1242
45.6143
67.6038
91.7691
29.9383
47.0642
80.2406
83.6109
50.2033
60.4004
34.6419
16.5944
85.3969
95.6055
24.4223
63.2873
92.9078
48.9945
37.1821
80.0537
103.311
51.4283
42.367
44.3907
58.9026
73.6819
86.0823
44.2785
60.242
16.237
99.8553
85.3567
86.2905
51.9003
47.5323
82.2781
37.362
45.5941
103.707
66.6925
60.9243
101.365
69.7009
88.613
62.8806
94.8926
100.674
114.836
82.1725
93.0902
91.6001
58.0354
39.6777
65.3239
61.0373
51.9231
90.7512
105.13
80.1313
71.486
57.4861
40.7947
98.5576
48.7106
55.2211
103.411
42.7046
99.5607
54.3945
100.899
96.0943
76.8455
83.3656
80.3508
101.066
46.8559
48.8805
86.1194
71.9973
70.1565
94.2792
8.18771
91.9942
15.9931
67.7613
60.1564
39.4327
67.3572
63.6038
0
23.315
55.1225
27.409
95.3326
96.2246
44.5385
105.557
65.1768
91.9973
36.4342
30.8121
39.479
87.5851
52.5676
58.6885
75.116
88.7509
76.2164
67.9242
66.8108
58.3387
72.0363
93.7267
64.2549
56.4827
79.9621
91.4784
29.3624
29.6235
73.7831
88.939
64.1072
45.9263
47.8242
36.0673
58.3786
77.7446
63.3559
48.3763
28.9104
88.0367
76.1778
89.5265
46.6705
47.6929
66.0329
37.7547
62.6951
86.8996
48.9835
61.7416
87.7721
47.3398
75.3491
44.9429
76.2351
86.5243
102.766
84.4002
85.4112
92.1949
54.3084
33.2876
68.5832
45.9399
50.7957
87.4774
97.5867
72.8385
57.3654
73.6118
28.4691
87.18
35.1074
37.1028
107.617
33.401
83.8201
58.5946
98.0602
90.2323
72.5195
66.4531
75.6218
105.496
32.7537
33.2521
76.3499
80.1188
55.122
98.0002
18.4835
80.4316
22.4141
59.1151
52.2163
33.6271
58.66
57.1515
23.315
0
51.7573
43.1877
94.332
89.3746
60.0501
107.624
61.1748
90.124
36.8438
32.732
50.9025
87.6038
59.5596
52.4735
72.1519
81.4973
58.8155
66.3238
43.8896
42.0059
69.856
98.254
54.0332
56.4581
77.3098
72.8171
49.5095
23.661
100.487
105.303
54.5422
65.4072
56.6435
57.4953
70.2194
90.2941
56.7033
33.2682
55.844
82.3559
88.0191
72.5607
87.5571
75.4799
72.8248
79.9933
52.7321
103.989
56.9863
56.526
106.034
81.4819
94.2876
39.7923
80.6185
74.0013
80.2157
102.249
103.785
70.437
48.0071
20.5446
35.5852
79.5661
38.4161
55.6102
70.6028
66.3348
75.268
53.3696
26.8785
76.1829
45.5658
66.689
89.17
19.8668
91.2409
97.6014
72.551
82.8895
38.5253
100.74
95.7032
84.4891
27.0407
40.1075
40.3035
58.7938
57.4263
96.8991
52.7305
101.23
39.4379
33.0362
72.4688
59.5193
41.1448
84.6372
55.1225
51.7573
0
60.146
69.0003
63.5284
44.6893
87.8171
34.2045
90.5153
78.4671
28.0923
67.4825
69.4164
24.5624
60.2119
65.6605
49.9338
43.4377
56.3354
72.8536
61.593
96.6265
72.9869
25.5672
92.7946
57.7326
75.2807
57.6944
45.0563
69.4299
98.0361
30.0476
25.1658
26.2287
73.9282
71.5605
74.165
35.0765
77.2542
14.5276
91.3203
74.3718
65.1077
50.4514
35.1275
80.7145
37.6679
32.7452
101.881
69.6014
43.1161
95.4663
88.7582
83.0515
77.553
96.3609
96.5718
108.75
61.7738
80.9296
73.0867
46.3254
45.9435
53.8518
63.1972
41.2022
78.8922
94.9257
68.1207
68.2533
50.1599
50.9288
90.2914
50.0238
60.4774
80.6746
53.3366
95.7692
46.8751
85.5335
80.8584
69.0662
87.0447
66.3489
78.9516
59.6363
68.6729
84.9752
51.5371
68.955
70.2081
25.9896
84.5719
33.1661
64.82
51.4606
34.6062
61.9388
54.664
27.409
43.1877
60.146
0
78.7606
85.7457
39.8297
84.3629
57.4316
72.5531
36.3726
45.4394
14.3303
69.0967
52.7946
47.7862
58.9186
81.5699
85.8823
52.1142
80.23
59.9307
58.4022
73.3795
77.6396
47.9409
65.3333
11.6123
79.4864
71.7103
85.6003
86.878
58.5403
67.8622
57.3612
96.6689
68.1563
64.2772
85.4411
97.6527
83.2753
51.5466
63.4463
22.0369
97.5923
76.943
68.5559
97.495
76.4153
92.9377
70.5873
38.5469
87.4525
121.718
80.1951
91.1283
80.0178
56.6089
52.7694
75.6124
77.7878
9.16604
41.2979
69.0505
40.0052
89.5332
44.1531
18.1113
29.713
36.1806
71.9197
83.5659
75.0211
45.6624
65.2285
84.3315
29.606
76.1735
75.3656
104.418
8.99761
35.1152
32.7368
107.343
73.8675
26.6374
80.7981
99.3787
51.6947
38.8548
60.7655
49.6809
89.8446
83.4996
87.1048
45.7979
67.0681
71.851
42.0236
78.7882
95.3326
94.332
69.0003
78.7606
0
24.7568
80.754
22.8133
37.1344
44.8737
95.9133
86.7769
72.8172
13.4712
72.93
52.1913
31.734
32.8596
82.0968
31.0767
103.385
73.4023
83.1108
22.7268
89.5309
95.0581
17.8376
27.6386
68.5327
66.1647
84.9921
75.6925
71.3845
72.6226
62.8529
82.7103
55.5056
60.8965
95.3499
86.4782
86.098
36.1212
58.6837
43.4965
96.4145
79.6978
52.6859
98.151
86.9068
78.8341
55.7599
45.9494
77.6997
108.069
71.0781
76.5518
60.306
34.0477
29.4281
84.4429
75.8889
32.0225
40.9736
63.7115
46.8804
81.784
45.4605
16.8677
9.18761
30.1624
62.138
93.6355
66.9921
27.5273
56.7007
74.5863
53.4767
68.6961
59.681
108.294
19.3118
34.2168
26.3024
96.8776
75.191
51.2302
70.7212
88.9008
34.1732
56.5606
46.1814
66.1732
89.8581
76.7755
86.141
33.7662
64.3003
70.3543
30.8471
77.6363
96.2246
89.3746
63.5284
85.7457
24.7568
0
88.3525
45.5219
33.1354
52.9418
96.5947
84.29
81.3284
31.8011
75.5768
50.2061
36.0736
15.4357
63.9467
36.4083
89.1862
63.0419
85.9987
46.5583
78.3465
97.426
23.1289
83.031
73.8323
46.6661
104.74
125.262
31.7157
59.5688
52.977
86.2547
93.3262
102.109
13.3791
67.5587
44.6509
107.167
101.456
72.3314
87.3442
71.9678
99.7691
74.3498
13.4749
127.513
85.6116
59.6349
124.043
105.014
111.455
77.2601
112.68
106.41
113.009
95.5663
112.504
77.4386
60.6452
45.3915
42.8772
93.1837
49.4529
75.9503
96.8129
84.025
93.9649
13.562
54.2088
102.692
66.9408
85.1683
86.5302
50.2865
117.045
86.3845
88.1321
97.4773
64.3539
117.433
99.5418
82.1194
59.5619
67.6549
78.7523
48.3092
84.7816
91.2136
47.0854
115.154
38.0374
65.2857
81.472
64.5466
68.2054
89.2053
44.5385
60.0501
44.6893
39.8297
80.754
88.3525
0
90.238
57.0793
95.0791
73.0094
36.0677
50.5549
76.6383
23.2261
71.2889
75.468
79.4765
85.4084
65.3561
98.649
82.3723
95.1485
71.8565
64.8724
87.1072
71.888
20.8916
95.3316
88.2759
87.0012
93.8293
63.1123
72.8483
64.0457
113.974
81.165
68.0115
91.9104
117.403
91.6869
63.5591
68.4714
19.4423
103.105
81.1446
82.8129
103.496
82.9203
102.439
87.037
46.4643
93.4364
137.637
87.4107
111.111
95.7752
73.9629
70.4982
69.7877
78.5325
17.8995
54.5031
85.939
55.0412
99.3695
58.2733
40.7743
48.8772
48.349
82.6173
91.4378
92.3484
60.2772
80.3489
97.0902
10.0907
94.0439
86.6659
106.014
27.0202
40.2589
54.3874
116.617
74.1186
11.9578
99.2646
117.607
74.4208
42.5849
76.9297
36.7055
100.413
88.2141
100.038
66.4941
74.4248
81.1785
61.2177
83.2858
105.557
107.624
87.8171
84.3629
22.8133
45.5219
90.238
0
56.4072
40.5508
102.043
101.976
75.7747
21.091
87.4759
62.0193
39.9441
55.5226
103.331
42.0606
119.039
86.865
83.0643
21.3359
109.908
97.3699
34.9407
39.2403
48.0151
35.4469
79.0509
82.0753
45.6123
51.0561
40.0233
63.835
51.0845
63.1001
64.9102
61.1154
56.9086
53.4995
61.0735
42.5069
78.1732
61.0587
53.2578
75.1886
57.2376
83.9913
45.1912
29.6019
82.7354
89.6743
72.034
55.7554
64.65
50.6749
56.1619
77.8696
77.719
38.5541
21.2763
32.5902
21.6014
68.362
17.0642
26.5986
41.7661
34.635
56.1152
64.4215
38.4978
47.2628
35.578
58.7059
59.3935
39.1194
68.4455
88.4466
40.384
49.4461
12.4758
89.0709
71.1732
55.6784
43.9126
62.4059
30.3465
39.8055
39.1924
67.0516
59.7115
77.9939
54.0141
13.6784
52.4884
48.4587
14.8102
66.1746
65.1768
61.1748
34.2045
57.4316
37.1344
33.1354
57.0793
56.4072
0
58.5877
73.522
51.8367
57.1039
36.6337
44.7752
36.6222
33.5996
24.6096
50.6266
25.2157
73.9459
49.1545
76.2412
46.3381
53.9836
80.2418
23.7495
33.3011
76.0282
80.5369
48.0098
59.2491
66.2242
51.397
48.2865
95.0626
54.5674
30.5349
94.9431
112.79
76.5829
45.221
32.3691
36.4451
71.4364
53.2619
58.5409
76.805
86.9439
69.9689
66.8085
36.5907
57.3756
114.156
51.8776
101.482
73.9133
63.2089
70.7792
36.4603
38.4424
39.5044
43.3071
79.7725
66.8518
67.7974
53.1844
57.0299
58.1103
31.233
52.1612
101.186
82.7777
48.007
62.436
70.3915
42.9275
87.852
59.229
76.5734
46.3315
22.3332
63.0881
81.7231
34.9904
46.574
90.6167
107.339
79.5403
57.9436
57.5229
23.044
85.2755
50.2235
90.4846
64.8651
43.3382
57.6717
55.2225
48.5178
91.9973
90.124
90.5153
72.5531
44.8737
52.9418
95.0791
40.5508
58.5877
0
75.6623
97.3379
60.5118
33.6748
94.9171
38.6391
25.1003
63.2912
95.763
34.4999
94.8495
61.8686
46.6365
52.1439
108.593
65.4728
39.1025
89.349
48.8967
55.8991
48.6193
79.295
63.454
29.6284
40.1262
61.9528
59.6669
63.3727
69.979
84.0044
28.5015
88.1369
63.6156
84.6188
16.8041
22.549
70.0212
1.6889
68.5187
81.7347
61.1359
57.7757
75.9195
68.073
64.4131
77.3589
84.4211
95.0657
112.486
56.5955
65.3403
90.9608
56.7971
58.5787
79.6878
37.6664
58.0009
95.915
105.08
71.392
52.9197
84.9612
57.1023
90.3211
47.4314
41.4232
100.423
63.4063
82.5855
21.8653
100.331
84.1616
85.9061
57.557
52.6573
100.339
64.5385
69.5878
96.3683
80.3246
63.6594
80.4473
31.5786
64.9136
46.906
75.6191
39.227
26.515
70.3072
34.8429
36.4342
36.8438
78.4671
36.3726
95.9133
96.5947
73.0094
102.043
73.522
75.6623
0
61.8513
35.2248
85.1223
80.7074
47.5626
67.3049
94.2323
86.5733
64.9381
60.6544
46.8954
40.9675
97.2018
87.7637
21.5161
79.5313
87.8558
46.9135
21.2775
96.1797
109.334
52.759
57.653
53.1011
53.7319
74.8468
93.7695
44.834
34.9801
38.0108
95.9368
92.0547
83.9026
74.2774
66.2418
80.4883
63.1202
44.6056
108.039
62.5423
62.0391
108.904
71.5601
96.2228
44.3879
90.1518
91.0366
101.696
98.739
104.594
85.6333
55.5009
22.0563
51.2234
73.0629
46.0399
77.1256
92.4387
77.7305
76.8
48.5234
25.6214
91.9613
46.747
61.8408
101.38
21.0279
99.5853
81.6116
91.5982
95.0977
60.6793
95.1673
94.057
97.4924
27.9583
31.7897
65.4885
67.3076
65.782
101.667
31.237
101.996
15.5158
52.2842
70.435
51.8245
56.5595
79.1242
30.8121
32.732
28.0923
45.4394
86.7769
84.29
36.0677
101.976
51.8367
97.3379
61.8513
0
56.8854
83.1933
29.932
62.8518
74.9349
72.935
57.1356
65.8121
67.8534
61.2986
90.3778
87.2567
36.4474
80.1974
72.9696
67.6389
59.7761
51.9254
58.7091
89.7128
31.0382
15.9647
19.3517
77.891
66.7844
63.7588
45.5223
86.3185
23.9648
84.2024
64.5215
57.2271
45.8448
26.2624
76.1965
36.5219
41.4006
95.1514
68.3065
35.9814
86.7402
93.0704
74.9111
83.7079
92.9204
92.3118
104.56
47.718
69.5759
66.2439
42.0532
52.5868
55.277
59.4235
40.1828
75.7836
90.3436
60.8495
62.4001
59.487
57.2192
84.113
50.0021
59.1676
71.9452
60.8452
89.2165
41.0846
79.4517
71.4476
68.5692
82.6074
54.4735
71.2181
66.4967
77.4847
86.0867
48.6254
66.0771
57.4068
36.1242
75.2336
44.8375
65.2726
43.5905
31.6027
60.3294
45.6143
39.479
50.9025
67.4825
14.3303
72.8172
81.3284
50.5549
75.7747
57.1039
60.5118
35.2248
56.8854
0
61.627
61.9983
40.9484
50.5028
79.7299
89.698
45.5529
82.0922
57.5453
46.7625
67.736
85.9711
40.1076
59.7699
7.26497
74.389
68.0524
74.1597
80.4112
51.0369
56.5276
46.794
92.9495
62.3842
54.8308
79.6533
97.5199
74.2716
49.9225
54.5316
12.3129
86.5406
65.2395
64.5767
86.6561
70.667
87.5204
66.705
27.958
80.2003
116.83
72.3657
90.4422
78.2217
58.6209
59.2965
62.3765
67.5734
6.83862
33.8398
65.8499
39.7536
80.8469
38.2484
27.2972
38.3472
30.1866
64.4636
80.394
71.7051
45.9908
59.46
77.1755
25.4099
73.8587
71.5489
92.1422
19.718
29.4471
36.8163
99.2618
62.1735
24.0411
78.6361
96.9892
57.452
33.8607
56.9483
37.6193
81.9197
74.6846
81.2303
46.5127
56.8889
62.2872
40.5699
67.6038
87.5851
87.6038
69.4164
69.0967
13.4712
31.8011
76.6383
21.091
36.6337
33.6748
85.1223
83.1933
61.627
0
72.0715
42.8118
21.3221
39.544
83.3766
21.7415
98.4941
66.8177
70.673
22.6939
90.6094
82.9153
14.4821
77.2249
66.223
36.896
107.679
120.264
41.9451
65.8329
56.9524
76.642
86.2604
100.236
36.4175
51.495
53.3564
97.5808
98.7751
71.0646
92.8906
78.0494
90.6468
82.2078
33.3827
120.956
75.7666
58.8229
120.097
98.4197
107.836
62.0469
101.111
92.8241
97.6542
102.745
112.725
72.2309
55.644
34.3541
33.0589
91.8125
43.8481
63.4291
83.2621
77.2119
89.3434
29.374
43.4671
91.6994
60.0564
81.0544
86.1621
37.2651
108.539
97.2946
78.86
91.8886
49.554
115.091
102.036
81.0246
46.4917
56.4089
59.6089
49.8983
75.0284
95.4036
52.914
113.223
39.584
50.3764
81.245
66.0123
56.2637
91.7691
52.5676
59.5596
24.5624
52.7946
72.93
75.5768
23.2261
87.4759
44.7752
94.9171
80.7074
29.932
61.9983
72.0715
0
68.8152
71.8495
63.9838
67.831
61.3788
91.101
76.6791
100.675
69.056
45.9795
95.1677
64.2455
45.1128
38.2561
44.7567
42.5469
54.7884
51.3779
26.8446
23.1424
58.1088
28.9034
31.7871
73.5362
76.9661
45.6317
44.1707
30.5212
47.334
46.5861
30.2206
36.9206
49.0153
66.8408
59.4211
34.564
21.5829
53.4973
78.1518
41.5414
65.5499
54.1465
52.6195
67.3053
47.1643
44.1806
49.1028
16.3439
44.9117
50.2452
38.5642
26.3899
52.582
58.3335
23.9542
27.3506
81.2618
45.9376
44.7751
24.5007
35.8085
63.9413
52.2333
49.5961
58.6141
54.7599
38.7737
46.7731
59.4693
35.8755
63.7343
53.9636
69.4934
59.18
53.5171
28.5179
51.778
51.055
45.3294
55.6352
39.2175
16.4404
22.7878
30.0067
29.9383
58.6885
52.4735
60.2119
47.7862
52.1913
50.2061
71.2889
62.0193
36.6222
38.6391
47.5626
62.8518
40.9484
42.8118
68.8152
0
22.5115
51.2116
63.9557
22.6306
60.1975
27.2771
40.5693
60.8758
74.7873
47.5893
35.1509
23.0601
57.3492
57.5001
54.6077
62.4403
50.5491
40.9119
33.2167
76.5816
43.0397
36.0952
77.9668
88.9181
61.2639
39.1395
35.5059
27.7966
66.7864
47.1898
47.1098
68.7766
69.7306
69.3083
49.5666
16.7994
61.759
98.7518
52.5896
78.9758
62.8308
50.2415
58.5512
49.23
49.6516
27.9916
19.7128
56.2692
44.2707
59.7808
29.5187
37.5874
43.8767
14.6505
43.7984
82.4717
59.9722
37.8416
42.5673
57.222
43.0886
64.2442
55.3172
75.0514
34.5676
22.6185
39.3193
78.1426
43.6376
43.1754
67.5167
85.1004
56.5417
42.7325
40.1571
37.7095
68.3633
55.2046
70.357
40.368
35.8012
43.8444
31.1855
47.0642
75.116
72.1519
65.6605
58.9186
31.734
36.0736
75.468
39.9441
33.5996
25.1003
67.3049
74.9349
50.5028
21.3221
71.8495
22.5115
0
42.0008
73.4986
10.5336
80.0028
47.2118
52.2854
41.9844
84.0506
64.4881
17.8348
37.8192
61.8974
55.7808
90.1613
82.2294
67.7016
71.9013
61.4918
74.5407
56.3559
68.358
88.0745
72.751
80.7149
45.1717
65.8068
49.569
95.9619
80.0496
53.921
95.839
80.1729
83.4803
51.7916
47.0217
84.3008
100.819
76.2325
64.5967
60.581
37.3695
34.7881
91.0172
83.7517
39.5069
39.388
52.9994
39.2933
81.0929
40.4427
16.6901
20.8214
36.864
63.8352
85.1319
56.4705
36.2712
51.3755
71.5581
61.9966
56.8991
64.9299
108.425
30.568
46.484
15.2202
97.6617
81.4948
58.5287
59.0761
76.9528
19.6073
55.3751
44.0947
75.2789
82.9019
82.9698
76.9299
22.6837
66.1306
67.9311
24.5098
80.2406
88.7509
81.4973
49.9338
81.5699
32.8596
15.4357
79.4765
55.5226
24.6096
63.2912
94.2323
72.935
79.7299
39.544
63.9838
51.2116
42.0008
0
52.3203
38.6799
83.4934
60.597
90.3903
50.7125
63.9568
98.4703
27.6062
83.4283
38.6173
42.4782
96.8782
85.5274
87.8776
80.107
74.4059
35.2178
53.9738
83.9955
95.6329
35.4273
76.6144
67.9347
80.4856
91.6477
88.6151
84.2198
51.5618
87.8153
91.3965
79.3256
37.1525
72.7253
88.0823
59.0384
78.9119
18.923
49.9935
52.7587
63.64
110.804
97.0435
85.9211
59.2856
42.2316
67.137
68.6784
57.938
67.215
68.0566
65.3664
62.2027
95.7557
36.2542
63.0876
43.3081
54.3614
108.138
37.0575
68.2978
106.715
81.1008
81.9997
52.751
81.3542
94.8953
104.963
30.2897
38.5506
36.7985
89.2395
41.9445
110.864
70.9729
88.2349
63.3525
37.7379
71.4082
66.0788
43.3706
83.6109
76.2164
58.8155
43.4377
85.8823
82.0968
63.9467
85.4084
103.331
50.6266
95.763
86.5733
57.1356
89.698
83.3766
67.831
63.9557
73.4986
52.3203
0
69.058
48.2441
49.7628
99.2881
96.1835
32.5377
98.3316
68.8992
25.6326
53.8853
49.364
60.296
69.9814
41.806
37.7259
27.781
73.2167
45.9715
44.4506
68.5301
81.2854
54.7345
46.0286
43.6282
26.4727
66.9421
46.5446
50.51
66.5176
60.2203
75.6365
48.9301
9.70959
69.372
96.307
59.1657
73.2952
65.9783
53.4786
61.2413
54.2121
57.9312
27.375
12.6237
47.8194
34.2723
61.0956
19.8647
33.9202
45.17
20.9402
47.348
72.3821
52.7079
43.2104
38.7289
56.6673
44.0795
56.1628
61.6042
74.5988
35.6179
32.178
32.4932
81.4614
50.2407
42.7354
60.456
78.2354
51.6802
34.9207
40.4963
42.8217
61.6175
62.4837
62.0902
34.2018
38.2032
40.9478
26.3775
50.2033
67.9242
66.3238
56.3354
52.1142
31.0767
36.4083
65.3561
42.0606
25.2157
34.4999
64.9381
65.8121
45.5529
21.7415
61.3788
22.6306
10.5336
38.6799
69.058
0
78.6496
46.9716
56.4545
38.59
76.1366
65.2423
15.0992
99.2677
27.4421
54.4629
71.8099
66.0911
96.6338
69.7006
71.6815
16.9502
43.0129
71.528
103.856
60.1008
67.2661
74.5782
68.6941
105.121
57.1176
65.7862
45.8938
61.1262
101.138
58.1203
33.7459
78.6266
66.8551
21.0725
57.9748
42.284
47.0578
69.8199
89.5772
95.7091
78.2208
103.732
67.2384
57.2207
90.9323
35.8361
70.0273
95.0624
94.7877
72.6808
44.5529
111.785
47.7323
75.8427
41.2573
26.4503
122.396
54.65
59.8136
78.7864
103.351
88.6085
82.2684
41.2254
76.4765
121.265
46.8546
46.7124
76.5146
105.307
44.2648
111.122
60.5761
65.6819
63.4527
65.0003
55.4337
51.7148
63.0589
60.4004
66.8108
43.8896
72.8536
80.23
103.385
89.1862
98.649
119.039
73.9459
94.8495
60.6544
67.8534
82.0922
98.4941
91.101
60.1975
80.0028
83.4934
48.2441
78.6496
0
33.3586
76.5776
115.77
65.578
70.8834
86.2025
67.8007
18.3865
42.3858
47.7676
48.673
71.3045
42.8975
43.2443
34.4844
16.5169
41.9619
86.3729
65.6915
51.002
49.1508
39.231
73.1604
42.9686
40.6836
25.0907
47.9848
81.4533
47.085
15.2733
47.1852
48.5073
52.59
36.3482
49.5189
38.42
50.9166
70.3759
66.334
51.8251
72.5949
36.8084
44.0723
66.6913
21.5868
42.9416
68.5953
69.8225
41.1731
17.0242
94.4308
38.9449
50.6805
16.6895
11.6286
89.9719
47.1014
41.9341
62.8673
74.0288
57.1943
58.6636
40.5879
48.0541
89.3799
43.9059
55.1687
60.9069
76.8074
19.143
77.9883
50.2652
43.7382
54.7527
43.9065
24.6648
26.6699
37.7029
34.6419
58.3387
42.0059
61.593
59.9307
73.4023
63.0419
82.3723
86.865
49.1545
61.8686
46.8954
61.2986
57.5453
66.8177
76.6791
27.2771
47.2118
60.597
49.7628
46.9716
33.3586
0
50.9747
85.253
66.5078
51.903
55.9253
73.0089
64.9446
77.0841
14.4953
55.6556
72.2966
35.7108
44.3617
81.7012
52.3004
34.3018
91.972
109.234
58.097
69.2293
36.7938
70.97
31.3895
24.9242
61.5326
41.2841
87.1628
64.2065
64.5007
51.7336
50.8518
91.4538
42.7695
97.5938
77.6342
84.1719
100.341
22.6563
29.95
77.3242
54.9893
78.449
85.2818
41.1882
62.9052
89.3116
93.0175
56.2385
43.1186
104.801
78.1945
74.4057
57.3706
51.4797
82.4344
85.3399
65.3716
35.0848
85.9958
60.6243
86.396
54.023
15.9966
84.8746
86.4015
97.3497
99.5395
79.3144
61.5834
54.0176
65.6337
37.8362
77.827
79.7119
28.1433
39.4972
70.4927
16.5944
72.0363
69.856
96.6265
58.4022
83.1108
85.9987
95.1485
83.0643
76.2412
46.6365
40.9675
90.3778
46.7625
70.673
100.675
40.5693
52.2854
90.3903
99.2881
56.4545
76.5776
50.9747
0
86.9286
109.826
22.8004
69.6878
27.0995
89.823
76.5843
92.8499
102.943
47.7311
67.809
57.2473
108.091
83.1851
76.283
74.378
104.729
81.4324
71.8524
76.3024
16.4313
101.608
78.8205
85.7563
98.7659
65.4155
109.997
85.1701
41.2167
102.531
132.576
94.3035
101.943
99.061
78.0905
75.2529
75.676
88.0888
17.7089
49.0909
73.852
37.9958
99.4171
48.3949
34.6434
51.9098
52.1924
85.1923
71.7341
81.7807
66.9052
75.0639
94.9561
19.3716
81.9167
93.9575
103.668
31.1042
51.5414
44.4809
119.575
80.8348
13.0867
88.5299
106.37
66.8997
24.6195
76.2705
46.3817
89.6678
96.287
86.9809
58.5908
75.3886
76.55
55.8224
85.3969
93.7267
98.254
72.9869
73.3795
22.7268
46.5583
71.8565
21.3359
46.3381
52.1439
97.2018
87.2567
67.736
22.6939
69.056
60.8758
41.9844
50.7125
96.1835
38.59
115.77
85.253
86.9286
0
96.8427
96.7176
32.2757
92.9008
50.4888
34.6378
111.485
110.706
78.4178
81.8297
75.2843
48.7032
75.8971
102.293
76.6735
11.5702
69.3766
91.7796
99.4453
95.4811
95.5573
89.137
76.9173
89.0538
74.5467
106.283
59.2596
77.0305
112.138
69.7008
101.049
24.4112
79.9445
79.3117
87.0934
119.458
115.281
92.093
66.0667
33.8472
60.5054
83.6542
58.9052
74.3032
84.0369
81.1932
81.9532
74.2179
31.9791
86.0298
53.8448
69.2193
112.365
25.6614
95.5346
108.93
91.3571
98.7031
57.1256
101.217
108.996
107.964
24.3293
26.776
48.0731
83.993
63.4463
118.17
62.201
109.219
48.995
46.7947
84.0469
71.2483
55.231
95.6055
64.2549
54.0332
25.5672
77.6396
89.5309
78.3465
64.8724
109.908
53.9836
108.593
87.7637
36.4474
85.9711
90.6094
45.9795
74.7873
84.0506
63.9568
32.5377
76.1366
65.578
66.5078
109.826
96.8427
0
104.079
77.3918
86.4864
60.6034
71.0592
32.1387
70.2377
70.2619
32.3111
44.1425
75.328
59.6918
52.8093
82.937
101.515
45.1113
84.1477
54.21
82.1591
14.9075
19.5187
70.0444
21.2346
80.1431
75.5487
67.0176
58.5119
65.8011
81.4225
56.0818
92.3226
85.4468
95.4201
112.779
39.8939
50.5668
89.2722
60.28
73.2015
87.3785
38.8356
64.8439
98.5572
105.357
69.012
50.7952
97.8214
72.272
88.1138
56.395
48.2715
95.7122
79.1736
78.1485
13.9634
98.9943
77.7395
91.9512
54.464
37.5109
97.0273
80.2425
87.7355
104.174
83.5478
67.2317
70.0726
51.256
53.442
65.8037
83.2802
35.3548
34.4073
75.7969
24.4223
56.4827
56.4581
92.7946
47.9409
95.0581
97.426
87.1072
97.3699
80.2418
65.4728
21.5161
80.1974
40.1076
82.9153
95.1677
47.5893
64.4881
98.4703
98.3316
65.2423
70.8834
51.903
22.8004
96.7176
104.079
0
79.9379
15.8111
62.0201
56.2641
71.9961
74.8133
50.2925
52.7508
42.378
79.8035
52.1527
52.0216
76.7068
84.2707
67.955
42.9215
50.7752
24.3465
81.1187
61.441
53.846
81.1235
68.0033
80.0292
54.0233
24.0745
75.1582
104.416
66.3487
76.3925
66.8857
47.985
50.8071
66.0624
66.3759
17.9616
23.8482
54.0139
33.2925
72.3381
28.4516
19.9527
31.6676
22.1804
55.7414
77.3551
59.1573
37.6996
47.5486
66.6893
39.6135
61.4069
63.4168
89.6244
21.3414
29.565
24.6565
91.0762
61.3609
37.3795
65.5023
84.0175
44.2673
36.7985
44.5505
48.0939
73.8997
70.3947
72.0399
32.258
50.709
54.6562
26.2852
63.2873
79.9621
77.3098
57.7326
65.3333
17.8376
23.1289
71.888
34.9407
23.7495
39.1025
79.5313
72.9696
59.7699
14.4821
64.2455
35.1509
17.8348
27.6062
68.8992
15.0992
86.2025
55.9253
69.6878
32.2757
77.3918
79.9379
0
